Employee_ID,Age,Experience_Years,Attendance_Rate,Late_Arrivals,Tasks_Assigned,Tasks_Completed,Deadline_Adherence,Collaboration_Score,Communication_Score,Initiative_Score,Supervisor_Rating,Peer_Rating,Productivity_Index,Error_Rate,Performance_Label
EMP00001,50,18,95.88,1,27,31,67.29,5.69,9.99,8.38,7.9,8.7,60.57,2.69,Low
EMP00002,36,12,89.3,6,69,33,75.76,7.22,9.55,6.33,7.51,8.09,70.61,4.78,Medium
EMP00003,29,13,90.75,2,39,18,98.64,6.55,5.54,8.4,6.38,5.2,74.43,11.3,Low
EMP00004,42,9,99.9,9,36,68,63.55,5.39,9.2,8.62,5.92,9.95,58.0,6.65,Low
EMP00005,40,2,87.98,7,47,40,84.09,5.48,8.2,6.52,9.09,7.83,51.39,3.21,Low
EMP00006,44,5,92.31,3,25,38,63.63,8.92,5.05,9.76,8.44,6.29,67.08,10.19,Low
EMP00007,32,13,87.3,3,61,53,66.28,9.26,9.92,8.87,9.97,7.96,69.1,3.96,Medium
EMP00008,32,16,87.86,8,52,70,84.2,8.71,5.75,6.84,7.58,9.09,69.14,9.83,Medium
EMP00009,45,16,93.91,2,47,68,77.76,7.7,6.98,7.06,9.97,7.69,83.25,1.18,Medium
EMP00010,57,24,98.76,6,72,52,81.94,8.86,5.15,8.58,7.3,8.88,72.44,11.16,Medium
EMP00011,45,3,90.85,0,76,60,95.19,5.76,6.55,6.52,7.67,7.07,55.39,6.88,Low
EMP00012,24,22,95.37,6,20,68,92.69,8.9,7.84,6.48,6.05,7.95,96.62,9.4,Medium
EMP00013,43,4,81.78,9,60,33,95.52,7.12,9.65,8.12,5.75,7.11,85.03,4.46,Medium
EMP00014,23,11,84.22,1,71,44,84.65,8.75,9.95,5.67,9.7,7.64,60.64,10.31,Medium
EMP00015,45,23,90.04,5,54,40,79.59,6.14,7.12,9.97,9.91,5.84,96.76,8.61,Medium
EMP00016,51,26,80.4,8,43,66,78.37,9.16,7.14,6.44,7.74,7.99,99.58,1.52,Medium
EMP00017,59,14,85.06,5,25,25,89.59,7.84,5.8,6.91,6.36,9.89,59.87,1.45,Medium
EMP00018,23,29,90.35,2,26,68,80.85,5.04,7.49,6.12,9.76,8.82,69.03,4.97,Medium
EMP00019,42,3,80.3,0,28,53,64.23,7.6,9.7,8.22,8.98,6.6,53.45,1.57,Low
EMP00020,54,16,85.29,3,56,17,65.68,6.55,5.83,5.3,5.9,9.32,74.12,1.48,Low
EMP00021,33,22,90.28,3,35,66,74.28,5.29,6.33,9.64,6.49,9.48,89.38,5.15,Medium
EMP00022,43,15,91.46,7,53,36,62.71,7.24,9.46,6.52,5.02,5.88,95.2,3.54,Low
EMP00023,46,28,98.52,9,54,31,69.57,6.56,8.13,9.64,7.91,5.27,77.26,4.86,Low
EMP00024,48,10,92.91,9,54,25,86.26,6.02,6.65,6.27,7.63,7.86,66.3,5.44,Medium
EMP00025,49,9,88.29,6,39,61,60.5,6.75,9.06,7.57,5.82,7.38,78.74,1.94,Low
EMP00026,37,11,98.61,9,77,53,84.16,5.9,5.54,8.48,6.7,8.57,55.78,7.67,Low
EMP00027,36,16,95.7,6,42,61,90.89,6.5,9.29,8.06,9.7,6.47,91.76,4.83,Medium
EMP00028,24,10,84.0,6,79,41,66.81,5.58,7.59,7.56,8.24,6.9,76.03,9.37,Low
EMP00029,58,17,82.62,1,61,63,67.24,5.42,8.78,8.94,9.31,6.32,99.12,11.9,Medium
EMP00030,28,19,93.52,8,73,57,61.15,9.55,7.59,7.35,9.19,6.46,70.05,5.2,Medium
EMP00031,42,2,91.2,5,54,43,80.5,9.51,6.23,6.67,9.6,5.05,82.68,9.16,Medium
EMP00032,30,24,95.79,1,66,74,86.18,9.14,8.2,8.59,5.21,7.55,67.0,4.25,Low
EMP00033,39,23,94.78,0,65,26,78.28,6.15,5.77,9.69,6.31,7.37,57.38,9.92,Low
EMP00034,25,2,92.5,0,42,27,75.58,8.63,6.15,8.01,7.08,6.78,87.74,8.51,Medium
EMP00035,46,6,99.73,0,23,72,78.18,7.95,7.75,6.4,8.2,7.7,83.62,3.74,Medium
EMP00036,35,19,90.67,3,29,25,91.26,5.26,6.95,8.81,8.04,6.96,89.02,6.07,Medium
EMP00037,30,8,82.26,3,62,45,61.34,9.5,8.73,8.81,6.23,7.16,99.01,9.87,Medium
EMP00038,47,26,96.57,8,30,25,91.35,9.99,7.92,6.33,5.96,5.01,99.67,8.8,Medium
EMP00039,23,29,85.04,0,59,71,86.65,8.54,6.91,6.92,7.19,5.33,96.45,1.35,Medium
EMP00040,41,3,95.55,2,74,72,69.66,6.16,6.63,5.7,6.25,5.75,94.74,1.02,Medium
EMP00041,49,26,99.14,2,74,55,80.99,7.77,9.57,5.4,9.83,5.92,65.08,9.29,Medium
EMP00042,28,14,93.94,7,28,57,61.97,5.55,5.2,9.04,9.83,7.26,73.42,5.99,Medium
EMP00043,29,25,91.92,1,59,71,75.18,6.49,8.46,6.86,5.57,9.37,52.34,6.63,Low
EMP00044,56,16,89.21,5,31,50,66.96,8.59,6.96,6.41,8.53,7.03,84.21,11.61,Medium
EMP00045,35,1,87.29,3,36,16,60.89,6.51,6.89,6.28,6.14,8.14,77.3,2.45,Low
EMP00046,38,21,87.06,9,51,37,74.28,5.74,8.26,5.37,8.59,5.13,85.35,1.35,Medium
EMP00047,57,3,92.73,5,42,50,89.04,5.04,9.25,9.92,8.84,9.27,84.04,3.08,Medium
EMP00048,25,22,95.03,4,34,28,96.84,7.86,8.62,6.84,5.24,5.57,63.6,8.84,Low
EMP00049,23,26,93.57,8,70,51,86.49,9.84,8.35,5.82,8.48,6.42,73.05,3.0,Medium
EMP00050,27,18,83.97,8,47,63,76.08,7.42,7.48,9.32,9.48,9.08,55.25,6.82,Medium
EMP00051,25,9,89.88,0,71,41,99.98,6.06,7.35,8.62,6.08,6.32,54.23,10.41,Low
EMP00052,50,6,95.83,2,57,26,71.32,7.32,7.3,8.31,5.58,6.29,73.0,10.24,Low
EMP00053,39,23,89.51,0,24,72,67.49,8.01,5.73,6.49,7.83,8.01,77.79,3.31,Medium
EMP00054,47,21,90.73,5,59,43,78.55,9.01,7.8,7.08,7.59,9.52,65.94,10.87,Medium
EMP00055,55,25,95.42,2,37,20,80.2,7.26,6.58,9.21,9.43,6.07,53.08,11.93,Low
EMP00056,31,1,93.23,0,72,58,74.19,5.86,8.09,8.2,7.26,8.1,83.08,11.71,Medium
EMP00057,57,21,88.19,5,40,61,87.82,5.94,7.67,6.73,7.07,8.0,83.87,10.8,Medium
EMP00058,35,27,97.91,4,34,37,67.35,9.5,9.7,5.55,8.57,8.3,66.04,1.69,Medium
EMP00059,52,10,83.25,7,22,65,80.41,6.18,7.17,9.5,5.39,9.73,50.04,7.9,Low
EMP00060,36,27,99.91,1,65,24,80.01,8.64,8.32,9.78,5.29,5.83,81.79,5.84,Low
EMP00061,29,6,82.38,7,45,48,92.95,6.34,7.96,8.59,7.52,8.27,53.53,4.07,Low
EMP00062,35,23,80.3,4,34,58,97.08,8.6,8.42,8.46,5.45,5.91,61.17,4.47,Low
EMP00063,44,12,97.8,7,64,26,86.53,5.39,6.33,7.69,9.7,6.57,62.39,11.37,Medium
EMP00064,42,4,84.9,9,72,46,72.21,6.04,6.29,9.86,8.27,6.95,63.18,11.47,Low
EMP00065,37,28,94.59,3,39,40,87.58,7.04,7.8,8.47,8.77,9.18,80.83,2.11,Medium
EMP00066,39,13,96.22,3,78,21,70.05,7.58,9.25,5.38,6.14,5.27,53.96,3.24,Low
EMP00067,45,17,97.18,9,40,46,98.66,6.76,8.6,5.46,7.47,8.67,82.26,11.1,Medium
EMP00068,47,27,99.83,3,45,47,92.89,7.87,7.44,9.82,5.67,9.56,74.24,7.75,Medium
EMP00069,46,8,85.88,5,60,32,77.25,6.63,6.28,9.72,6.02,5.4,67.44,8.77,Low
EMP00070,50,26,94.2,3,42,49,91.37,8.39,8.8,7.79,7.84,8.95,80.21,4.82,Medium
EMP00071,36,20,82.31,8,68,34,76.35,7.56,9.63,6.07,6.4,5.54,93.67,3.65,Medium
EMP00072,22,3,88.14,8,70,45,62.98,8.53,6.07,7.92,9.59,9.81,77.2,5.9,Medium
EMP00073,46,12,96.96,2,44,19,88.27,7.15,9.0,8.82,9.98,9.08,57.81,4.75,Medium
EMP00074,28,7,87.35,6,23,46,76.18,9.38,5.86,5.04,5.02,8.47,77.89,11.39,Low
EMP00075,30,12,91.82,4,71,66,97.21,6.91,9.5,9.11,8.8,7.75,72.68,2.81,Medium
EMP00076,45,2,90.08,8,29,61,72.26,6.54,8.21,7.32,5.58,9.6,97.03,11.91,Medium
EMP00077,22,24,92.92,1,41,56,93.73,7.79,5.91,7.32,7.87,5.6,79.67,10.97,Medium
EMP00078,29,14,99.46,2,22,33,87.22,7.55,5.18,7.17,6.14,5.61,51.76,7.28,Low
EMP00079,45,22,81.11,9,38,15,94.13,7.59,8.47,8.46,9.82,9.11,56.04,4.77,Medium
EMP00080,32,23,91.48,4,50,21,71.68,8.98,8.03,6.05,9.38,7.41,76.62,8.96,Medium
EMP00081,38,5,97.26,4,28,74,78.45,7.94,8.06,8.03,7.98,9.23,89.76,6.29,Medium
EMP00082,29,9,89.63,9,48,72,92.93,9.43,7.41,5.22,5.88,6.95,54.78,5.12,Low
EMP00083,56,21,81.57,6,56,36,85.75,8.1,8.07,9.06,8.91,7.26,78.27,4.66,Medium
EMP00084,56,11,91.21,7,65,64,74.4,5.11,9.37,9.08,7.6,6.66,72.63,1.88,Low
EMP00085,54,5,86.64,7,26,48,80.48,9.35,9.76,6.56,8.06,9.75,68.14,5.78,Medium
EMP00086,26,3,83.1,0,72,65,99.84,9.2,6.72,5.53,8.59,7.32,54.1,3.73,Medium
EMP00087,49,27,96.98,0,57,70,89.67,5.24,7.44,8.74,7.08,8.78,93.98,1.21,Medium
EMP00088,28,17,90.43,2,43,70,84.58,5.63,6.37,7.35,5.04,8.48,88.16,3.57,Medium
EMP00089,30,2,98.67,0,27,24,93.12,7.78,7.06,9.62,6.82,6.18,96.04,3.58,Medium
EMP00090,29,24,96.12,0,53,61,77.68,5.21,8.98,6.77,7.07,9.57,58.38,4.32,Low
EMP00091,33,1,93.86,9,78,56,98.0,7.06,7.12,9.21,6.83,7.72,78.62,11.4,Medium
EMP00092,55,7,80.1,7,76,40,82.08,9.88,6.96,5.13,9.16,9.28,50.96,10.9,Medium
EMP00093,54,14,88.56,0,45,46,73.07,5.86,9.25,8.86,6.66,9.16,58.88,1.35,Low
EMP00094,44,5,83.95,8,79,74,63.44,6.03,5.01,8.39,7.08,5.29,89.45,3.62,Low
EMP00095,45,19,98.22,1,47,56,75.03,8.38,9.26,7.63,5.31,8.1,64.35,5.86,Low
EMP00096,58,28,83.49,8,47,41,82.75,5.22,5.91,9.55,8.58,8.94,59.86,4.06,Medium
EMP00097,56,28,85.72,6,65,26,88.13,9.1,6.37,9.71,6.08,9.53,77.11,5.35,Medium
EMP00098,43,11,90.34,8,73,54,95.0,6.0,6.81,9.65,6.18,7.53,82.77,10.14,Medium
EMP00099,48,23,85.27,2,26,37,97.76,7.66,9.4,7.99,7.93,8.75,80.52,7.26,Medium
EMP00100,56,25,84.2,0,22,28,64.1,6.24,9.54,7.6,9.92,9.85,54.96,5.61,Medium
EMP00101,22,2,91.98,0,71,48,84.04,8.29,8.31,6.34,7.05,9.14,96.52,6.34,Medium
EMP00102,56,8,81.78,9,41,31,86.66,7.94,7.2,5.81,6.64,9.27,58.86,4.02,Medium
EMP00103,58,9,81.16,5,74,20,66.88,9.73,7.58,7.79,5.18,7.04,96.27,3.31,Medium
EMP00104,35,27,87.44,6,57,41,81.82,7.23,7.9,5.74,8.94,5.46,74.19,3.34,Medium
EMP00105,24,3,94.41,8,72,22,73.39,9.37,9.77,5.86,6.31,9.83,55.15,9.78,Low
EMP00106,22,2,91.1,5,65,47,63.1,7.88,9.85,6.78,8.84,8.48,57.43,3.13,Medium
EMP00107,26,7,88.46,4,63,49,62.63,9.57,9.24,5.93,6.41,5.86,71.54,11.02,Low
EMP00108,47,5,91.32,1,37,61,90.37,6.46,7.92,7.51,5.15,9.87,99.9,5.94,Medium
EMP00109,35,21,87.31,1,31,31,84.62,7.75,6.95,8.32,7.49,8.58,94.29,6.87,Medium
EMP00110,48,26,98.72,7,50,40,88.6,6.95,6.15,8.49,9.53,5.45,99.01,7.72,Medium
EMP00111,30,5,81.1,0,58,71,87.41,5.33,7.67,7.66,6.05,5.85,72.74,4.37,Low
EMP00112,36,20,93.47,7,24,21,65.37,7.87,6.73,7.61,5.77,9.33,83.99,10.85,Medium
EMP00113,36,13,97.83,9,63,60,66.06,8.97,5.36,7.37,5.92,9.77,75.96,7.69,Medium
EMP00114,47,21,96.08,6,60,38,70.1,7.78,7.38,6.23,8.45,6.82,51.48,10.89,Low
EMP00115,34,29,83.68,6,48,39,75.96,6.4,7.86,8.27,6.84,7.07,57.09,6.58,Low
EMP00116,53,20,85.92,4,62,49,97.57,6.32,8.06,8.29,6.28,6.98,64.27,1.43,Low
EMP00117,53,29,94.34,2,55,40,86.96,6.19,5.37,6.28,6.69,9.18,65.66,1.34,Medium
EMP00118,25,6,81.69,6,33,73,70.21,9.9,7.42,8.5,6.55,7.27,84.74,4.38,Medium
EMP00119,51,20,96.24,6,77,64,62.24,7.0,8.28,9.29,7.72,6.88,86.04,10.32,Medium
EMP00120,58,18,94.38,6,63,68,87.37,6.58,9.81,7.97,5.67,8.11,72.53,3.93,Low
EMP00121,44,25,94.59,1,37,19,85.01,7.09,5.13,5.59,7.54,7.45,68.95,6.33,Medium
EMP00122,36,2,82.0,2,26,66,87.03,5.58,8.38,6.64,6.56,7.67,58.85,3.22,Low
EMP00123,50,25,94.36,2,42,68,70.45,5.98,5.31,5.46,9.66,7.04,52.05,9.25,Low
EMP00124,57,26,93.6,3,52,61,80.68,7.54,5.79,6.51,7.11,7.3,79.27,8.37,Medium
EMP00125,34,6,96.62,8,78,52,74.47,8.99,5.87,6.06,5.5,5.18,67.4,10.93,Low
EMP00126,53,9,80.83,9,64,74,92.71,9.38,6.64,7.77,9.67,9.63,73.84,4.91,Medium
EMP00127,28,25,80.46,0,35,49,62.78,9.33,9.16,7.12,9.69,5.15,95.04,11.83,Medium
EMP00128,43,3,87.46,6,56,44,71.02,9.72,9.28,8.61,5.88,8.86,83.38,10.65,Medium
EMP00129,49,1,82.98,6,70,64,84.12,5.63,6.87,6.82,9.08,6.49,88.94,5.93,Medium
EMP00130,23,1,91.17,3,44,39,68.21,5.2,7.16,5.77,9.31,5.56,59.0,10.46,Low
EMP00131,27,19,98.35,0,28,38,86.91,5.53,6.09,6.18,6.78,8.05,50.08,5.67,Low
EMP00132,49,5,87.83,2,74,44,65.47,8.0,7.16,7.73,5.8,8.53,56.77,9.66,Low
EMP00133,49,13,96.9,4,47,34,60.91,7.78,6.37,7.25,8.99,8.15,88.4,4.96,Medium
EMP00134,41,19,80.0,1,28,68,94.54,8.36,5.87,5.21,5.14,7.88,72.19,3.81,Low
EMP00135,51,12,83.37,6,31,17,73.34,6.86,5.79,6.05,8.1,7.68,60.7,9.11,Low
EMP00136,32,16,80.61,9,37,46,66.27,6.96,8.88,6.48,6.71,7.71,98.09,11.61,Medium
EMP00137,49,25,86.56,9,46,73,66.91,7.73,5.58,8.63,7.98,9.33,74.34,8.99,Medium
EMP00138,46,25,98.16,6,45,22,95.44,5.4,8.08,8.65,8.94,5.45,68.45,11.74,Low
EMP00139,54,19,81.94,9,75,65,86.18,9.0,5.84,8.49,9.14,5.79,98.86,11.13,Medium
EMP00140,22,3,92.13,4,45,64,98.25,9.61,9.19,9.09,9.99,9.06,56.68,5.69,Medium
EMP00141,48,12,89.03,9,29,61,92.0,6.94,6.37,9.37,8.2,6.52,79.98,6.56,Medium
EMP00142,34,5,98.77,5,77,37,90.7,8.7,5.22,5.36,6.12,8.86,87.45,3.09,Medium
EMP00143,24,2,82.45,0,36,60,79.99,7.74,7.26,7.47,6.38,6.76,97.04,5.83,Medium
EMP00144,27,22,84.24,3,70,30,92.83,6.18,10.0,5.74,7.18,9.63,91.7,9.44,Medium
EMP00145,29,7,80.59,3,51,49,76.51,5.34,9.07,6.77,9.24,6.41,64.47,6.75,Low
EMP00146,48,13,88.68,7,43,39,93.08,6.23,7.85,8.32,6.83,7.13,63.02,11.71,Low
EMP00147,30,25,85.56,1,62,29,90.31,8.02,5.95,8.01,8.44,5.79,54.88,2.26,Low
EMP00148,58,15,97.4,0,67,65,87.14,5.2,5.59,5.64,5.23,8.33,58.37,6.59,Low
EMP00149,54,22,92.1,6,27,22,73.19,9.18,9.19,8.79,7.15,7.01,86.5,6.85,Medium
EMP00150,45,3,92.28,5,49,48,85.23,9.85,8.94,8.94,5.84,9.71,64.46,2.64,Medium
EMP00151,36,28,90.64,4,45,39,80.27,5.42,7.31,5.7,9.69,5.08,72.09,9.77,Low
EMP00152,53,21,81.84,7,43,63,78.46,6.23,7.11,8.08,8.96,6.94,84.52,10.0,Medium
EMP00153,53,20,88.9,1,46,58,99.61,8.38,8.74,9.73,5.69,5.12,83.25,10.87,Low
EMP00154,45,5,99.99,1,34,33,80.18,9.03,7.68,5.47,7.01,6.65,89.66,11.31,Medium
EMP00155,33,24,96.7,8,47,57,61.28,6.73,7.02,5.82,5.4,6.9,52.92,9.22,Low
EMP00156,23,8,97.87,0,30,64,85.06,7.58,6.26,8.83,8.73,6.29,78.61,10.26,Medium
EMP00157,24,22,96.46,5,58,27,89.12,9.46,5.61,6.68,5.96,6.28,94.61,1.8,Medium
EMP00158,58,1,82.06,2,21,60,95.41,6.92,7.97,9.78,9.02,6.3,68.66,5.22,Medium
EMP00159,38,8,84.55,4,70,26,85.31,5.41,9.13,8.12,5.37,6.33,59.57,4.13,Low
EMP00160,23,24,80.06,7,28,29,60.78,9.97,8.73,7.42,7.86,6.41,53.44,9.73,Low
EMP00161,23,18,86.07,6,69,37,64.79,5.9,8.48,6.69,8.04,9.26,96.99,4.39,Medium
EMP00162,49,20,82.17,3,64,67,66.45,5.24,9.64,6.2,6.67,5.2,50.19,6.51,Low
EMP00163,44,28,89.46,7,42,54,68.45,7.05,6.97,8.25,5.82,9.94,89.6,5.66,Medium
EMP00164,58,16,93.54,9,52,16,91.99,5.61,5.69,7.96,6.62,6.41,63.22,9.34,Low
EMP00165,53,18,97.49,1,38,54,72.39,9.89,5.51,6.79,7.48,5.14,62.12,7.34,Low
EMP00166,54,20,94.98,6,32,37,72.49,6.9,9.78,9.59,9.85,5.88,57.88,5.34,Low
EMP00167,22,12,98.77,4,33,74,90.22,9.13,7.94,8.81,7.23,9.71,59.69,2.44,Medium
EMP00168,40,13,81.08,5,51,73,76.5,5.88,9.05,6.3,5.95,9.99,75.7,2.8,Medium
EMP00169,23,13,80.24,2,68,19,62.59,5.69,7.68,9.72,5.13,6.23,93.77,8.94,Low
EMP00170,47,10,93.23,9,41,48,83.41,8.25,6.99,8.78,5.04,6.13,68.38,1.37,Low
EMP00171,53,7,85.79,6,39,24,65.2,9.55,6.0,9.49,7.08,9.18,87.28,5.82,Medium
EMP00172,27,25,85.07,6,52,41,82.87,5.57,9.28,5.68,6.48,9.57,62.33,9.03,Low
EMP00173,53,14,86.62,1,24,69,91.19,7.95,5.32,5.16,5.58,8.25,95.21,5.01,Medium
EMP00174,25,24,85.4,0,39,56,97.18,5.42,9.5,7.46,5.86,9.68,95.7,8.16,Medium
EMP00175,32,16,90.23,9,33,18,62.68,9.06,6.03,7.24,6.75,9.75,55.41,9.46,Low
EMP00176,38,15,88.8,1,46,18,72.16,9.55,5.05,9.35,8.43,8.8,91.94,10.68,Medium
EMP00177,59,12,90.25,7,45,22,86.1,8.14,5.52,5.86,8.05,6.74,85.09,3.47,Medium
EMP00178,45,9,93.45,9,51,20,72.62,8.44,9.42,5.12,5.4,5.75,69.69,8.75,Low
EMP00179,26,8,87.74,2,49,39,78.04,5.28,5.37,7.65,5.72,7.59,91.74,7.15,Low
EMP00180,55,18,85.03,3,46,41,60.8,5.36,6.78,5.89,9.54,6.45,95.17,6.05,Medium
EMP00181,27,23,83.32,7,45,61,87.74,5.9,6.25,5.25,5.36,5.59,74.82,5.6,Low
EMP00182,43,18,86.99,2,37,64,95.33,6.37,5.18,5.11,5.99,6.97,75.44,10.6,Low
EMP00183,32,13,94.84,5,64,67,99.07,8.8,7.66,5.71,6.59,7.4,85.21,2.97,Medium
EMP00184,37,28,95.13,1,42,68,93.22,7.18,9.99,6.88,6.15,8.31,62.21,9.56,Low
EMP00185,54,27,93.34,2,63,54,61.27,5.39,9.27,9.42,6.45,6.11,53.84,1.84,Low
EMP00186,30,18,84.68,0,66,34,86.07,9.26,5.84,8.8,8.64,9.34,76.43,7.03,Medium
EMP00187,27,15,91.76,8,43,41,79.83,9.97,9.42,7.65,5.48,5.93,66.02,2.76,Low
EMP00188,37,4,91.41,3,23,21,97.52,7.28,7.26,7.15,6.76,9.99,56.14,6.05,Medium
EMP00189,50,17,89.69,5,60,73,96.09,7.56,6.37,7.28,8.06,7.78,57.01,6.31,Medium
EMP00190,24,5,91.0,6,22,37,99.52,5.39,8.2,9.42,5.24,5.73,60.65,9.05,Low
EMP00191,41,22,89.84,1,73,34,94.48,6.92,6.08,8.62,5.22,9.17,66.89,3.3,Medium
EMP00192,57,16,91.31,7,62,63,81.88,6.86,9.4,5.86,7.49,6.27,71.84,4.25,Low
EMP00193,40,9,94.31,8,49,65,88.6,9.83,8.12,9.7,9.5,5.94,97.83,6.51,Medium
EMP00194,47,10,82.19,9,66,48,98.59,8.3,5.68,8.86,7.22,5.67,74.26,9.32,Medium
EMP00195,24,24,94.99,1,35,43,83.12,8.91,7.85,5.17,7.03,7.75,95.67,6.99,Medium
EMP00196,40,18,82.72,4,26,58,93.6,5.64,7.55,7.51,5.05,9.4,77.31,9.73,Low
EMP00197,41,17,81.33,1,58,65,97.69,7.08,7.36,8.26,8.66,9.49,57.9,8.2,Medium
EMP00198,53,18,99.52,4,41,19,82.82,5.96,6.82,5.3,5.82,8.93,92.15,11.11,Medium
EMP00199,28,7,99.14,6,60,41,66.37,9.3,7.37,6.77,8.49,7.91,50.82,8.36,Low
EMP00200,54,4,81.21,5,50,26,66.22,5.76,7.93,8.24,6.74,7.65,78.19,4.81,Low
EMP00201,39,26,88.87,3,68,31,64.61,7.19,8.67,9.08,5.22,6.87,67.09,2.11,Low
EMP00202,22,5,83.72,1,32,51,79.05,5.27,9.59,9.89,6.64,5.22,71.91,8.75,Low
EMP00203,32,28,89.71,6,60,48,79.21,8.17,5.22,5.61,8.3,9.18,89.87,11.81,Medium
EMP00204,49,23,96.6,9,60,44,84.69,7.41,7.85,8.16,8.84,10.0,50.27,6.36,Medium
EMP00205,46,16,99.01,8,71,50,79.31,7.49,8.76,9.46,8.18,9.6,59.12,2.49,Medium
EMP00206,44,3,92.69,0,48,20,98.92,5.51,5.58,8.58,8.56,9.67,90.63,4.52,Medium
EMP00207,52,26,87.08,2,47,46,71.65,7.57,9.56,8.16,6.18,6.67,77.27,5.51,Low
EMP00208,51,18,92.07,6,63,46,94.95,7.82,6.22,6.07,9.83,5.5,62.92,2.51,Medium
EMP00209,56,29,86.24,8,72,23,64.01,9.81,9.17,9.08,6.13,9.36,74.89,4.65,Medium
EMP00210,28,23,98.2,4,38,72,84.08,5.17,8.31,7.81,5.85,8.82,70.15,9.79,Low
EMP00211,37,21,97.41,6,42,36,85.93,9.61,7.8,5.56,6.25,6.95,88.44,4.49,Medium
EMP00212,47,14,91.16,9,66,24,90.89,7.4,9.35,9.68,9.86,9.17,87.83,11.99,Medium
EMP00213,23,15,86.5,6,69,43,80.12,6.05,9.85,9.94,5.32,5.69,73.16,4.2,Low
EMP00214,22,17,85.87,3,27,25,67.89,8.33,9.99,7.69,8.87,8.26,63.79,2.09,Medium
EMP00215,33,1,80.67,4,44,42,74.76,7.59,8.42,8.88,5.53,9.77,50.6,9.67,Low
EMP00216,26,25,96.32,1,57,16,70.89,6.13,6.7,7.92,8.87,9.55,73.63,2.33,Medium
EMP00217,58,21,89.01,7,76,70,76.76,8.13,9.37,7.11,6.39,8.8,79.63,1.52,Medium
EMP00218,53,17,86.5,0,57,35,81.2,7.37,8.27,7.05,8.63,6.33,80.27,5.36,Medium
EMP00219,30,23,89.42,1,54,71,85.0,8.45,6.62,9.82,5.25,5.51,93.4,10.92,Low
EMP00220,56,25,96.37,2,45,45,93.8,8.45,9.66,6.84,6.67,6.62,73.37,7.28,Medium
EMP00221,40,11,82.49,6,22,72,96.4,7.36,8.74,7.45,7.32,8.09,86.02,11.1,Medium
EMP00222,37,17,97.15,5,21,55,78.5,6.95,7.26,6.24,5.1,6.58,56.36,10.61,Low
EMP00223,24,26,97.95,6,24,66,63.55,5.32,7.27,6.27,5.9,7.07,88.2,1.84,Low
EMP00224,41,14,98.93,4,39,31,91.88,7.47,9.98,6.78,5.84,7.02,72.26,1.61,Medium
EMP00225,45,29,87.95,3,31,41,79.09,6.22,6.87,9.62,7.41,6.68,84.72,4.28,Medium
EMP00226,54,20,84.34,6,57,44,81.86,5.27,5.47,6.98,5.67,9.62,91.76,10.71,Medium
EMP00227,45,19,87.47,2,35,55,83.83,6.65,7.69,7.76,9.89,6.6,62.7,6.55,Medium
EMP00228,32,21,86.66,9,56,71,86.71,5.44,9.42,7.73,9.43,9.97,83.33,11.54,Medium
EMP00229,29,7,83.52,6,57,22,95.6,7.9,7.92,7.92,6.12,6.05,56.16,4.28,Low
EMP00230,57,24,92.15,1,55,51,98.09,7.52,8.97,9.1,6.17,9.36,55.58,5.91,Medium
EMP00231,59,13,89.53,7,65,19,97.61,8.96,5.27,9.51,9.74,8.66,64.18,1.29,Medium
EMP00232,41,18,97.31,5,48,40,92.38,6.34,8.37,6.04,6.5,8.34,56.55,10.61,Low
EMP00233,56,23,80.64,2,54,20,95.57,6.86,5.4,9.3,7.12,7.23,72.65,2.76,Medium
EMP00234,46,14,92.88,2,68,30,61.99,8.44,7.78,7.74,8.51,9.08,93.38,11.85,Medium
EMP00235,56,1,95.26,4,56,15,93.96,9.96,7.49,9.62,6.72,7.46,53.72,4.35,Medium
EMP00236,46,7,95.19,2,73,23,62.89,9.52,9.73,9.58,9.51,5.68,68.17,11.4,Medium
EMP00237,50,8,97.72,5,40,35,89.85,7.6,5.66,6.95,7.95,6.4,60.39,8.37,Low
EMP00238,39,18,94.58,1,40,21,66.77,8.39,5.05,8.26,7.84,5.91,72.94,7.32,Low
EMP00239,39,9,98.56,7,47,57,74.4,7.66,5.69,9.36,7.77,7.85,81.71,2.32,Medium
EMP00240,23,1,86.65,8,25,29,67.37,7.17,5.85,6.92,5.56,8.28,92.65,2.15,Medium
EMP00241,56,29,90.06,6,39,38,77.74,8.01,6.25,5.22,8.95,6.68,51.18,3.92,Low
EMP00242,37,22,80.28,2,79,19,76.47,6.93,9.08,6.8,7.86,5.2,78.41,4.93,Low
EMP00243,57,17,80.14,9,55,65,61.92,6.4,6.88,6.83,5.27,8.29,84.49,7.79,Low
EMP00244,54,19,84.8,3,78,52,93.22,8.53,9.2,9.03,9.25,5.31,56.74,2.85,Medium
EMP00245,25,27,82.02,9,32,69,94.17,9.36,6.36,6.55,8.65,9.83,96.88,8.62,High
EMP00246,54,6,85.2,1,59,43,91.5,6.44,9.3,9.47,6.44,9.44,54.05,1.62,Low
EMP00247,35,3,83.54,8,30,60,93.9,8.53,5.04,7.74,6.43,9.15,66.01,10.52,Medium
EMP00248,42,24,80.57,4,43,66,90.04,7.17,9.67,7.93,7.52,6.84,61.93,10.65,Low
EMP00249,41,5,98.19,1,79,71,97.5,6.51,8.73,9.04,5.04,8.72,53.39,10.86,Low
EMP00250,29,2,80.16,9,38,60,83.06,8.11,7.06,5.67,9.05,5.23,85.0,5.67,Medium
EMP00251,28,20,94.72,5,42,25,83.31,9.7,7.89,5.09,9.71,5.45,75.56,2.43,Medium
EMP00252,24,25,83.04,6,50,18,94.4,6.76,9.67,5.28,7.23,7.47,71.36,6.61,Medium
EMP00253,38,4,98.24,1,56,73,73.98,8.8,7.91,5.15,7.68,7.93,59.97,9.34,Low
EMP00254,54,10,97.86,0,56,24,62.0,6.57,6.14,8.5,9.05,8.83,72.14,3.96,Medium
EMP00255,33,10,93.08,6,79,48,89.99,9.02,7.86,6.22,6.39,6.49,95.06,8.34,Medium
EMP00256,43,24,93.44,0,22,71,70.18,8.8,9.36,9.29,7.46,7.71,67.76,1.21,Medium
EMP00257,43,21,80.11,2,53,18,78.97,8.83,9.94,9.41,5.55,5.31,75.44,9.94,Low
EMP00258,51,11,99.7,3,48,66,69.62,9.99,7.92,6.78,8.51,7.35,96.43,3.39,Medium
EMP00259,59,27,97.56,1,22,24,93.08,5.7,5.78,5.97,8.96,8.36,84.56,11.04,Medium
EMP00260,59,16,97.9,6,34,47,98.33,6.94,8.86,7.49,5.33,9.95,52.09,6.97,Low
EMP00261,29,26,93.18,4,26,60,62.2,8.15,9.98,9.08,9.41,8.84,66.62,5.13,Medium
EMP00262,48,29,86.9,0,22,32,69.33,7.95,7.37,8.42,6.87,9.98,98.82,9.11,Medium
EMP00263,48,29,97.87,7,66,26,67.58,8.9,6.92,5.13,9.61,7.49,93.26,4.44,Medium
EMP00264,55,17,85.83,9,62,65,86.93,5.23,7.76,5.04,9.5,7.16,94.13,8.87,Medium
EMP00265,42,16,91.25,6,35,37,77.15,8.53,5.82,5.57,8.95,9.17,96.7,4.44,Medium
EMP00266,51,7,81.99,3,64,58,78.25,8.69,9.86,6.68,9.15,7.31,81.68,10.32,Medium
EMP00267,54,16,98.44,1,53,39,66.28,5.31,9.19,7.68,6.45,8.78,89.01,11.79,Medium
EMP00268,49,3,82.82,6,39,74,76.59,7.69,5.56,9.09,6.84,9.97,82.68,8.24,Medium
EMP00269,54,26,84.5,1,63,51,72.13,6.22,9.73,5.71,6.2,8.62,76.42,6.92,Low
EMP00270,26,16,91.16,5,72,18,84.45,9.01,9.71,5.76,6.77,5.07,75.99,6.06,Low
EMP00271,40,8,95.28,0,58,27,68.69,5.25,6.58,9.32,7.81,5.9,50.65,11.22,Low
EMP00272,25,12,92.39,6,52,32,84.59,5.73,8.1,9.62,9.32,6.38,61.59,5.82,Low
EMP00273,56,3,84.64,6,33,43,75.11,5.52,5.55,7.76,7.74,9.11,51.45,9.91,Low
EMP00274,38,17,80.02,3,75,58,73.85,5.33,5.42,8.92,8.48,9.66,72.49,1.04,Medium
EMP00275,49,21,95.14,3,61,44,72.22,8.0,7.51,6.71,5.68,8.25,86.07,10.82,Medium
EMP00276,51,18,99.7,9,54,62,86.95,9.34,5.25,9.73,9.7,5.44,96.91,5.25,Medium
EMP00277,50,11,96.2,4,30,69,82.5,7.55,9.37,9.52,7.92,7.5,50.68,4.06,Low
EMP00278,27,4,89.2,1,73,52,94.07,6.05,9.64,9.25,8.88,9.3,74.53,2.66,Medium
EMP00279,56,16,98.08,8,39,42,69.66,6.72,5.34,5.06,9.99,6.81,84.99,1.79,Medium
EMP00280,58,17,88.2,9,49,74,61.6,6.8,5.24,7.62,9.3,5.33,83.36,10.7,Low
EMP00281,45,9,90.5,3,72,21,67.28,7.26,6.11,5.13,7.52,8.9,87.64,4.65,Medium
EMP00282,50,6,89.54,8,77,38,73.73,7.1,9.65,8.39,9.34,8.29,92.26,11.7,Medium
EMP00283,52,24,88.95,2,47,55,67.19,8.36,8.85,5.92,8.29,7.33,95.71,5.63,Medium
EMP00284,56,27,95.5,8,34,24,63.34,6.7,8.38,8.2,8.65,9.25,59.02,11.43,Low
EMP00285,54,20,90.54,0,57,51,77.81,8.31,8.88,5.49,8.19,9.25,97.76,8.24,Medium
EMP00286,42,25,86.33,6,69,41,87.08,7.73,6.0,8.78,6.44,8.5,90.29,2.69,Medium
EMP00287,53,2,85.16,3,32,35,90.06,5.24,6.28,8.63,6.67,9.71,95.0,4.37,Medium
EMP00288,44,9,80.75,6,66,50,75.95,9.6,6.59,5.02,7.79,7.27,67.16,11.35,Low
EMP00289,54,28,91.66,9,54,57,79.12,5.89,8.03,8.96,9.37,8.64,99.93,5.72,Medium
EMP00290,24,21,84.6,5,66,65,90.22,7.26,8.04,5.82,7.26,9.15,50.61,1.62,Low
EMP00291,39,29,82.96,3,43,43,74.11,9.74,6.04,5.55,7.7,8.18,93.53,4.74,Medium
EMP00292,46,6,93.08,3,75,21,91.39,6.24,7.18,7.5,6.85,7.77,83.95,10.64,Medium
EMP00293,52,3,93.62,7,20,27,98.7,5.11,8.45,7.95,5.09,8.66,56.89,11.97,Low
EMP00294,24,20,95.04,6,61,59,95.22,7.45,6.55,5.52,8.22,6.77,91.56,1.33,Medium
EMP00295,45,6,90.07,3,43,67,78.14,6.12,5.38,6.52,7.83,6.83,89.66,6.18,Medium
EMP00296,53,7,97.88,5,46,37,83.18,7.91,5.99,7.04,9.89,9.88,76.98,3.71,Medium
EMP00297,43,1,98.73,5,37,64,88.66,9.09,5.82,9.72,7.54,5.59,81.69,11.8,Medium
EMP00298,44,23,96.15,0,77,71,73.97,7.56,8.16,6.26,7.67,9.21,56.37,5.22,Medium
EMP00299,23,1,92.71,1,45,39,91.97,8.23,5.34,6.3,6.41,8.94,72.9,11.27,Medium
EMP00300,48,5,86.07,3,48,55,77.48,8.33,9.42,8.3,5.5,5.27,51.98,7.72,Low
EMP00301,23,6,99.66,5,27,59,93.87,9.1,5.42,8.64,8.54,8.52,78.86,10.81,Medium
EMP00302,47,13,85.48,5,63,27,70.19,8.44,7.99,5.05,9.04,5.47,72.59,11.44,Low
EMP00303,38,2,84.05,0,45,51,60.46,9.88,9.65,5.67,9.35,6.05,54.28,2.15,Low
EMP00304,54,15,88.84,7,24,44,85.31,7.28,5.31,6.79,7.02,9.79,70.59,3.22,Medium
EMP00305,30,15,81.14,1,52,40,78.08,5.25,6.92,8.16,8.52,6.81,71.89,3.92,Low
EMP00306,50,13,99.57,4,59,26,62.39,6.97,6.64,5.67,6.31,5.28,86.88,6.89,Low
EMP00307,47,26,91.77,3,79,71,79.5,9.2,6.72,6.78,6.26,7.61,52.67,3.65,Low
EMP00308,56,25,91.14,4,24,15,66.74,5.67,8.0,5.4,9.98,6.03,80.7,11.27,Medium
EMP00309,46,14,93.12,4,68,32,85.19,8.68,6.31,7.86,9.25,7.13,75.64,2.99,Medium
EMP00310,45,26,89.94,9,66,72,77.8,7.68,5.14,7.13,6.28,5.51,63.75,2.88,Low
EMP00311,34,22,80.64,7,55,35,66.84,9.5,9.81,8.94,7.17,5.48,87.22,2.67,Medium
EMP00312,28,7,92.25,9,32,67,76.48,8.66,8.74,7.87,7.82,7.52,78.15,5.8,Medium
EMP00313,57,14,94.32,6,36,68,69.31,8.3,5.68,8.3,5.06,6.68,76.02,1.5,Low
EMP00314,41,26,88.33,8,32,38,86.12,9.43,7.28,8.36,9.8,5.78,97.62,8.48,Medium
EMP00315,22,24,95.15,0,44,74,71.81,9.54,5.31,7.95,5.54,7.9,90.73,3.74,Medium
EMP00316,29,27,84.54,5,77,31,92.88,6.92,5.14,5.08,9.09,5.31,60.32,11.27,Low
EMP00317,37,29,84.43,5,21,56,60.57,9.64,5.24,9.16,9.88,8.76,69.4,2.98,Medium
EMP00318,35,10,83.23,1,43,74,76.14,5.27,8.78,9.58,8.52,5.26,83.14,1.87,Medium
EMP00319,33,17,87.44,7,55,23,84.68,8.81,7.22,7.67,9.83,9.85,77.5,5.43,Medium
EMP00320,44,14,96.94,5,44,66,60.9,6.68,9.22,5.56,5.1,8.68,71.54,3.7,Low
EMP00321,36,8,96.56,9,53,54,68.63,7.44,6.53,8.27,6.77,9.49,99.07,10.56,Medium
EMP00322,49,4,87.66,8,31,42,73.1,9.18,8.88,6.82,7.38,7.2,58.3,6.72,Low
EMP00323,55,26,91.78,9,38,29,60.87,8.19,5.39,5.37,8.91,5.29,66.93,6.24,Low
EMP00324,23,16,94.42,4,69,27,81.87,7.29,8.18,9.27,8.27,6.15,69.81,9.56,Low
EMP00325,53,24,84.82,6,61,42,85.23,5.82,6.8,8.56,8.68,9.86,53.42,8.18,Medium
EMP00326,44,13,83.36,5,49,67,69.1,9.7,6.38,9.02,5.72,8.09,73.4,1.11,Medium
EMP00327,43,22,99.44,4,56,31,81.74,6.66,9.08,8.98,9.22,6.14,76.23,8.54,Medium
EMP00328,46,27,92.35,5,62,23,99.97,5.51,5.26,6.79,9.11,7.41,63.23,8.84,Medium
EMP00329,43,25,99.63,3,20,70,95.48,7.82,9.75,7.41,8.84,6.59,98.09,2.92,Medium
EMP00330,43,27,86.76,2,79,35,62.35,7.03,8.93,6.17,9.09,7.45,76.77,8.8,Medium
EMP00331,27,20,94.06,0,22,44,65.12,7.95,6.78,8.77,6.07,9.18,79.09,11.93,Low
EMP00332,36,18,84.45,0,68,25,79.78,6.17,9.96,7.62,5.7,6.11,94.69,4.23,Low
EMP00333,58,14,85.22,5,45,44,69.81,6.89,6.01,8.25,9.48,7.0,63.71,1.42,Medium
EMP00334,54,18,90.24,8,34,50,63.24,9.86,7.01,6.78,9.79,7.23,81.71,10.35,Medium
EMP00335,29,5,86.39,7,65,70,70.18,9.68,9.42,8.4,7.12,7.94,72.46,3.25,Medium
EMP00336,26,26,83.35,1,75,39,62.45,9.32,9.98,8.36,7.23,5.39,68.57,9.56,Low
EMP00337,25,9,85.26,8,66,21,81.2,8.9,6.2,8.85,8.7,6.04,68.86,5.48,Medium
EMP00338,27,28,80.71,7,67,34,79.61,5.78,8.72,5.78,7.47,6.99,51.2,10.94,Low
EMP00339,53,3,94.09,8,47,69,60.25,7.33,6.53,8.12,6.57,9.05,91.06,11.36,Medium
EMP00340,51,8,89.84,3,23,68,79.3,8.64,8.83,9.4,5.95,5.93,79.28,5.36,Low
EMP00341,56,20,81.88,8,38,73,80.79,6.31,5.63,5.47,5.11,9.41,96.63,11.79,Medium
EMP00342,37,22,83.43,1,43,74,84.23,5.17,6.68,9.8,7.94,6.7,92.27,1.31,Medium
EMP00343,34,10,82.05,0,76,49,98.8,7.09,5.37,6.04,5.71,6.27,99.24,7.26,Medium
EMP00344,51,22,92.25,8,59,24,99.31,7.13,7.46,9.68,9.29,7.05,51.69,9.13,Medium
EMP00345,40,19,81.88,9,25,49,81.08,5.33,8.51,9.34,9.91,7.77,82.42,5.71,Medium
EMP00346,38,21,95.09,7,35,15,93.81,6.6,6.89,8.85,7.29,8.67,97.73,8.25,Medium
EMP00347,40,28,80.41,6,51,28,63.41,9.59,8.07,6.05,5.58,7.38,88.43,4.38,Medium
EMP00348,49,3,84.99,7,49,59,81.25,6.25,7.85,6.08,7.92,9.09,65.86,1.85,Medium
EMP00349,47,11,97.81,0,54,19,87.16,7.85,6.47,6.3,7.87,9.09,55.63,10.18,Medium
EMP00350,58,11,94.37,8,27,54,82.59,7.44,7.43,9.05,5.67,5.01,83.41,4.26,Low
EMP00351,47,17,81.46,9,24,58,69.23,9.31,5.35,5.94,8.23,8.96,82.92,3.15,Medium
EMP00352,44,16,96.42,8,56,52,62.51,8.27,7.3,7.9,6.58,7.21,64.61,3.2,Low
EMP00353,30,7,89.86,8,31,70,75.47,5.79,7.29,8.89,9.23,9.84,90.28,10.05,Medium
EMP00354,33,4,96.94,5,44,69,85.91,5.71,5.14,7.3,7.94,9.1,81.61,1.72,Medium
EMP00355,22,23,92.01,3,52,48,99.67,7.79,7.57,9.2,7.16,6.92,70.74,6.48,Medium
EMP00356,22,19,93.64,1,58,38,69.46,5.23,8.69,7.81,9.82,8.17,73.29,3.14,Medium
EMP00357,55,12,99.87,3,43,18,96.71,6.97,7.26,7.98,7.46,5.97,62.39,8.17,Low
EMP00358,53,15,84.65,6,30,41,62.73,7.0,8.23,8.38,9.44,6.45,76.93,9.79,Medium
EMP00359,46,11,92.48,0,61,19,97.24,5.98,7.66,9.23,6.32,6.01,75.1,7.18,Low
EMP00360,22,5,89.21,8,54,57,93.29,6.51,8.93,5.02,7.21,8.76,97.16,7.76,Medium
EMP00361,37,5,80.79,2,59,27,60.84,6.65,7.57,6.96,5.42,5.04,75.47,7.86,Low
EMP00362,26,15,80.29,3,20,54,71.93,5.06,6.66,9.81,7.11,7.04,88.87,7.3,Low
EMP00363,43,29,82.38,4,27,35,62.04,9.03,9.14,5.49,9.47,9.19,80.71,3.41,Medium
EMP00364,50,18,92.98,2,42,51,99.82,9.79,5.34,6.17,9.15,8.55,61.26,8.19,Medium
EMP00365,24,11,91.34,3,39,46,77.11,6.45,6.45,7.85,9.88,7.11,52.48,9.52,Low
EMP00366,33,26,91.07,4,51,52,86.49,5.56,7.96,9.29,8.75,8.17,85.1,10.07,Medium
EMP00367,47,12,80.64,0,30,45,69.37,9.77,9.28,5.49,6.36,7.16,90.12,1.87,Medium
EMP00368,37,2,89.39,8,26,46,97.35,8.7,5.36,5.02,5.8,9.22,93.74,5.37,Medium
EMP00369,58,20,98.49,9,77,29,70.97,9.46,5.48,8.44,5.9,7.86,84.19,5.06,Medium
EMP00370,43,15,87.95,9,49,69,70.41,6.8,6.41,7.99,8.31,8.16,71.71,11.16,Medium
EMP00371,50,20,92.5,3,78,71,72.58,7.42,6.72,6.36,6.91,9.94,74.63,8.25,Medium
EMP00372,35,4,95.6,8,67,62,78.5,9.65,9.22,9.79,7.07,8.85,88.02,6.2,Medium
EMP00373,49,22,95.68,3,58,44,60.74,7.3,9.79,7.8,9.3,6.43,58.91,11.56,Low
EMP00374,26,18,90.39,0,32,57,83.91,8.36,5.09,8.32,8.63,8.86,72.64,2.77,Medium
EMP00375,51,6,97.16,4,61,21,61.27,8.52,5.08,6.89,6.05,9.64,52.7,4.98,Low
EMP00376,26,23,87.83,8,79,52,81.57,9.19,9.32,9.61,5.86,6.48,55.26,7.92,Low
EMP00377,33,27,97.77,2,68,45,78.32,9.88,5.68,6.38,9.11,9.09,61.54,6.61,Medium
EMP00378,37,26,84.8,4,22,58,69.7,6.67,6.7,8.74,9.77,6.19,81.5,7.5,Medium
EMP00379,47,19,85.6,2,26,40,73.19,6.24,6.38,5.58,5.93,7.17,96.0,9.38,Medium
EMP00380,47,11,81.06,2,62,50,88.23,5.39,6.41,7.69,9.76,8.45,68.25,8.66,Medium
EMP00381,42,28,95.91,0,32,60,60.38,9.28,6.64,7.89,7.15,6.22,75.02,8.23,Low
EMP00382,57,24,88.34,1,56,57,72.67,6.46,6.68,5.94,9.53,5.94,78.53,8.87,Medium
EMP00383,54,2,84.58,1,44,40,87.21,5.25,8.1,6.62,8.75,7.31,64.23,9.6,Low
EMP00384,51,27,84.64,8,42,58,66.09,9.33,8.14,5.89,9.53,8.92,84.49,3.32,Medium
EMP00385,58,8,98.03,6,70,16,82.42,7.55,7.61,9.23,8.23,7.98,60.62,8.57,Medium
EMP00386,44,29,96.68,7,66,57,66.76,9.19,9.29,8.29,5.79,8.51,59.47,8.31,Low
EMP00387,31,11,91.07,1,52,59,66.19,7.77,9.23,7.23,5.3,8.45,60.29,8.76,Low
EMP00388,26,5,92.32,8,24,57,90.89,6.57,6.09,7.78,8.14,7.72,73.96,3.69,Medium
EMP00389,57,18,89.49,2,51,23,70.66,5.65,7.72,6.72,5.29,6.58,62.51,4.09,Low
EMP00390,55,23,87.83,9,49,72,75.03,7.19,8.92,7.14,6.18,7.11,71.66,9.48,Low
EMP00391,52,18,98.31,1,50,73,89.2,5.13,9.33,8.1,6.03,6.9,68.84,5.16,Low
EMP00392,31,14,82.51,0,32,67,67.18,8.01,6.28,6.06,7.14,5.4,91.55,11.15,Low
EMP00393,40,22,88.37,8,61,62,81.27,7.14,7.47,5.67,7.99,9.49,60.95,2.25,Medium
EMP00394,53,10,86.89,7,24,19,96.71,5.71,7.63,9.72,9.56,8.21,65.3,2.9,Medium
EMP00395,22,3,89.96,3,42,41,82.15,7.65,8.5,6.18,9.68,9.29,97.62,3.04,High
EMP00396,26,9,89.15,6,20,26,61.95,9.0,6.65,7.48,9.91,8.88,62.23,4.14,Medium
EMP00397,25,3,90.38,2,29,49,83.59,9.87,6.47,8.81,8.82,5.34,89.84,10.91,Medium
EMP00398,37,11,82.8,2,69,43,63.61,7.64,8.53,7.78,9.61,6.08,57.08,5.14,Low
EMP00399,45,12,90.26,3,46,30,71.28,5.65,7.0,8.17,8.95,9.75,79.34,6.08,Medium
EMP00400,37,12,84.85,1,73,33,93.99,9.05,5.02,5.82,9.55,7.31,54.6,5.65,Medium
EMP00401,23,3,83.69,9,27,63,60.44,8.48,9.69,6.97,5.52,9.06,70.5,9.88,Low
EMP00402,49,21,81.3,3,71,74,63.08,9.77,5.75,8.45,9.81,7.88,97.78,5.14,Medium
EMP00403,53,7,95.25,9,22,57,74.53,7.68,5.74,6.05,6.17,9.12,82.13,10.16,Medium
EMP00404,48,14,88.55,2,38,67,99.98,6.79,9.09,7.42,7.84,8.67,60.38,6.3,Medium
EMP00405,41,24,92.53,7,70,65,71.67,9.81,6.68,7.95,7.58,6.4,90.44,3.68,Medium
EMP00406,45,28,94.55,1,21,41,66.29,7.69,6.64,8.95,7.82,9.96,82.72,5.74,Medium
EMP00407,33,11,93.59,8,68,32,81.98,5.08,8.11,6.08,8.51,7.45,96.39,5.36,Medium
EMP00408,56,7,89.41,2,50,73,80.77,7.37,5.3,9.89,7.7,7.92,61.44,3.66,Medium
EMP00409,54,25,87.76,3,67,55,77.98,5.01,6.18,9.84,8.44,7.7,56.06,2.35,Low
EMP00410,54,21,87.52,9,72,27,97.87,8.69,5.27,5.06,7.67,9.43,81.75,10.25,Medium
EMP00411,58,10,92.8,9,29,44,71.21,7.83,6.46,6.84,5.06,6.4,95.68,6.67,Low
EMP00412,33,11,89.9,2,72,40,71.73,5.55,9.35,5.34,8.14,5.31,88.89,3.67,Medium
EMP00413,24,15,96.98,2,35,20,65.61,9.07,9.55,6.59,7.78,7.14,70.56,5.69,Medium
EMP00414,22,19,97.49,7,56,17,87.89,7.68,6.55,8.04,7.93,9.59,71.59,7.66,Medium
EMP00415,54,16,83.41,7,39,37,72.85,5.57,5.94,8.04,5.01,7.2,66.63,8.92,Low
EMP00416,31,22,82.72,5,22,26,92.11,5.8,5.68,5.48,7.34,6.39,95.87,7.82,Medium
EMP00417,50,21,92.61,3,79,55,98.87,9.11,6.97,8.39,9.37,8.09,90.58,3.57,High
EMP00418,34,28,86.02,0,54,55,61.75,6.78,9.13,9.23,6.66,8.69,63.37,2.21,Low
EMP00419,33,20,80.37,3,53,29,99.72,9.11,9.26,8.16,7.22,7.31,66.03,1.81,Medium
EMP00420,52,12,97.77,7,40,15,70.16,5.35,5.23,6.55,5.61,6.9,86.99,2.19,Low
EMP00421,23,18,84.54,5,55,64,76.8,6.22,6.05,5.01,7.25,6.82,71.21,4.8,Low
EMP00422,56,23,98.59,1,51,61,91.11,8.82,6.02,8.24,6.98,7.11,80.49,4.9,Medium
EMP00423,44,13,94.35,2,73,22,86.61,8.21,9.14,8.39,9.42,9.21,57.77,11.76,Medium
EMP00424,38,5,95.25,6,37,45,91.14,6.53,7.28,8.54,5.18,7.41,91.33,1.25,Medium
EMP00425,47,4,84.03,3,53,25,78.65,9.68,6.84,5.2,9.76,6.57,77.82,7.96,Medium
EMP00426,29,28,84.68,3,75,31,96.64,6.06,9.78,7.58,7.88,5.91,91.29,6.62,Medium
EMP00427,50,14,90.43,4,57,41,91.6,9.25,9.63,7.07,7.65,6.41,85.74,2.6,Medium
EMP00428,47,8,83.44,7,22,74,72.37,8.48,7.2,8.84,9.43,7.31,71.45,11.44,Medium
EMP00429,31,9,86.11,6,72,45,97.94,5.61,5.64,8.61,5.96,7.74,84.03,9.92,Medium
EMP00430,47,25,86.43,8,22,41,98.44,7.78,5.86,9.75,6.05,8.11,52.99,3.43,Low
EMP00431,55,19,83.19,4,46,28,76.6,9.65,5.56,9.49,9.37,5.36,71.81,4.21,Medium
EMP00432,28,3,84.1,0,21,65,86.08,8.09,8.4,7.79,9.65,8.07,71.79,3.2,Medium
EMP00433,25,5,95.77,3,22,73,92.59,7.64,7.77,9.9,9.19,6.76,71.03,4.39,Medium
EMP00434,32,21,83.34,5,36,37,92.69,6.83,7.78,5.75,5.21,6.28,55.88,3.51,Low
EMP00435,50,26,80.57,5,65,70,60.56,8.94,5.49,5.04,8.26,6.66,74.35,3.84,Medium
EMP00436,57,18,92.59,8,58,19,85.16,9.57,8.97,5.54,7.26,8.92,88.09,6.68,Medium
EMP00437,46,1,99.52,9,73,44,98.95,8.77,7.68,6.78,9.04,9.02,66.15,4.71,Medium
EMP00438,42,8,86.62,4,72,48,69.25,8.63,5.45,8.78,5.79,5.52,90.93,6.39,Low
EMP00439,57,19,82.37,4,57,61,91.82,5.96,8.74,6.92,9.6,7.47,79.27,1.34,Medium
EMP00440,31,17,91.41,5,59,33,81.37,9.17,9.91,8.9,6.68,7.65,86.21,9.16,Medium
EMP00441,58,17,98.13,5,38,71,68.86,5.2,7.21,8.71,6.62,5.15,94.88,11.21,Low
EMP00442,30,11,95.68,2,38,45,62.04,8.79,5.58,8.97,5.89,8.59,74.11,11.96,Low
EMP00443,45,2,92.45,5,63,30,90.4,6.05,5.51,5.94,5.03,6.83,92.25,3.21,Medium
EMP00444,56,6,86.3,7,24,59,72.66,7.44,5.13,7.58,6.56,7.09,57.02,5.22,Low
EMP00445,56,22,90.84,5,24,41,75.02,8.48,8.85,8.56,5.74,8.05,88.92,11.71,Medium
EMP00446,57,14,81.82,4,33,40,79.41,8.8,8.47,6.42,8.69,7.34,91.68,3.33,Medium
EMP00447,39,3,93.58,2,46,53,80.29,9.44,7.92,9.19,8.78,8.74,95.17,6.93,Medium
EMP00448,53,12,94.5,0,68,43,68.25,6.41,8.83,8.9,9.14,7.98,54.05,9.79,Low
EMP00449,45,4,99.3,4,67,63,86.83,6.12,10.0,5.6,5.03,6.13,55.85,1.31,Low
EMP00450,44,12,85.21,5,55,65,87.7,9.98,7.01,6.09,6.76,9.35,51.13,2.16,Medium
EMP00451,53,13,80.37,5,76,71,65.69,6.04,8.53,6.19,5.03,6.08,75.29,3.16,Low
EMP00452,58,2,90.91,5,59,53,81.32,8.33,6.89,9.39,7.54,8.57,59.64,6.01,Medium
EMP00453,33,2,94.14,2,54,58,84.37,9.76,6.76,5.93,9.55,8.96,78.39,1.17,Medium
EMP00454,34,15,95.81,3,40,59,67.45,9.48,9.25,8.11,7.04,8.44,94.61,5.74,Medium
EMP00455,44,23,83.87,2,24,43,95.78,7.22,7.87,5.32,9.37,7.11,66.35,2.78,Medium
EMP00456,46,29,85.24,1,74,59,79.31,8.19,5.6,7.76,9.74,9.39,50.27,10.35,Medium
EMP00457,56,17,90.25,7,43,60,64.6,7.65,7.02,5.71,6.19,6.64,94.49,6.35,Medium
EMP00458,51,7,86.61,6,76,61,73.38,6.73,8.98,7.88,5.05,8.44,81.09,1.78,Low
EMP00459,38,28,97.21,7,58,45,79.08,5.72,9.7,6.84,8.7,9.39,60.08,6.09,Medium
EMP00460,41,14,89.48,5,69,16,60.41,9.02,8.07,8.03,7.9,5.78,84.62,6.28,Medium
EMP00461,46,12,95.99,6,43,20,61.28,5.45,6.97,6.97,6.74,8.26,81.64,4.3,Low
EMP00462,43,17,91.61,0,59,23,62.22,8.05,6.26,9.27,6.84,9.5,69.01,5.05,Medium
EMP00463,34,14,95.46,9,62,29,81.53,7.97,7.11,8.78,5.4,5.52,60.61,11.68,Low
EMP00464,40,6,86.65,4,65,34,73.44,6.67,7.83,9.22,9.36,5.73,99.62,3.72,Medium
EMP00465,57,19,96.63,3,69,62,95.72,5.68,5.02,6.11,6.21,6.89,82.15,8.44,Medium
EMP00466,33,24,85.49,9,32,72,82.37,9.0,6.34,5.74,5.49,9.97,50.09,8.27,Low
EMP00467,40,6,90.92,2,57,16,90.4,7.31,8.36,7.79,8.9,6.12,56.28,5.65,Low
EMP00468,33,27,84.28,1,64,17,87.49,8.63,8.37,9.36,7.43,6.62,62.37,11.25,Low
EMP00469,30,18,89.51,8,77,69,80.81,5.08,8.27,5.55,8.81,9.18,90.66,9.46,Medium
EMP00470,28,24,86.36,7,20,66,89.79,5.37,9.75,6.17,9.51,5.65,73.73,1.23,Medium
EMP00471,49,5,85.33,9,62,69,81.79,5.88,7.84,8.73,6.91,9.98,53.01,6.34,Low
EMP00472,35,24,99.34,1,58,67,75.42,5.57,6.35,7.33,5.27,8.69,63.25,2.25,Low
EMP00473,52,24,83.2,5,29,44,77.43,5.96,9.06,8.02,6.27,9.8,99.04,4.16,Medium
EMP00474,40,6,95.75,2,21,22,93.54,8.43,6.95,7.96,5.26,5.72,88.39,3.63,Medium
EMP00475,37,2,99.68,2,35,54,82.53,5.23,6.2,7.06,5.75,6.16,50.23,9.31,Low
EMP00476,26,8,80.4,4,56,35,75.09,5.19,7.78,8.53,9.24,6.85,91.94,3.74,Medium
EMP00477,56,15,93.98,6,35,53,67.19,5.16,6.45,9.26,9.71,5.26,59.61,11.92,Low
EMP00478,33,15,85.06,6,42,57,79.81,8.49,6.98,9.54,8.38,5.3,66.54,2.41,Low
EMP00479,46,11,80.81,9,45,68,70.1,7.68,8.47,5.23,8.66,9.52,55.92,5.53,Medium
EMP00480,42,22,88.06,0,35,27,98.22,6.85,9.98,7.77,8.66,5.21,50.53,6.38,Low
EMP00481,57,22,98.7,6,46,54,79.64,8.38,8.22,5.2,5.62,8.75,75.2,5.76,Medium
EMP00482,44,24,80.24,6,66,55,60.36,7.77,6.38,9.5,5.24,8.59,64.3,2.03,Low
EMP00483,37,1,91.76,5,60,62,63.72,5.04,5.45,7.15,8.49,5.36,68.01,3.48,Low
EMP00484,35,18,90.03,5,49,51,71.37,9.19,6.81,9.5,5.19,5.94,58.45,6.73,Low
EMP00485,52,12,97.47,1,52,69,63.69,6.75,5.1,5.94,9.06,7.27,90.32,9.8,Medium
EMP00486,26,12,81.68,2,51,46,95.76,7.0,7.32,5.81,7.96,8.21,58.67,8.57,Medium
EMP00487,56,25,93.63,2,28,28,94.17,8.91,8.3,9.54,5.57,9.48,75.86,6.99,Medium
EMP00488,44,11,93.6,2,30,15,98.83,5.94,7.56,9.69,8.3,7.63,73.47,11.75,Medium
EMP00489,50,28,93.38,1,56,41,88.26,5.05,9.33,8.83,8.03,9.68,95.99,9.37,Medium
EMP00490,32,8,98.85,8,25,38,85.82,9.54,7.47,6.11,6.88,5.95,99.39,10.53,Medium
EMP00491,39,28,96.46,5,49,65,96.94,7.53,7.31,5.86,9.09,8.11,95.29,1.14,High
EMP00492,33,7,80.84,1,59,63,97.86,6.75,6.55,8.74,6.52,9.22,86.68,3.38,Medium
EMP00493,30,23,89.42,2,34,36,95.1,9.1,9.19,8.17,6.89,6.17,71.53,8.92,Medium
EMP00494,31,21,87.96,9,78,28,94.46,5.13,9.52,9.36,8.48,8.94,56.53,4.06,Medium
EMP00495,38,2,86.2,5,67,59,86.87,6.01,9.89,6.38,8.76,7.0,93.49,4.89,Medium
EMP00496,59,11,89.03,3,49,22,60.06,5.78,9.91,6.48,6.37,10.0,85.81,7.5,Medium
EMP00497,28,22,87.68,6,37,41,77.18,8.69,9.9,8.66,5.08,5.46,56.59,6.97,Low
EMP00498,34,10,88.65,5,31,17,85.43,6.56,8.56,6.34,5.88,7.77,54.4,3.43,Low
EMP00499,30,3,99.59,5,74,47,81.89,8.86,7.81,7.31,6.32,8.92,83.71,10.67,Medium
EMP00500,48,20,81.77,2,79,65,92.85,5.21,5.86,7.6,9.53,8.38,95.3,7.91,Medium
EMP00501,23,29,98.44,7,23,61,92.76,8.04,8.84,8.35,9.47,7.53,60.69,8.54,Medium
EMP00502,26,10,89.6,8,76,35,83.95,6.59,8.67,6.72,8.3,7.57,70.6,10.11,Medium
EMP00503,50,28,92.47,5,73,73,60.88,5.93,9.21,9.29,8.55,7.03,98.22,2.13,Medium
EMP00504,58,27,96.6,1,35,46,74.77,9.08,7.31,7.01,8.11,6.71,97.3,6.21,Medium
EMP00505,59,18,87.21,0,42,54,69.15,7.06,9.46,5.21,8.9,7.97,84.93,1.95,Medium
EMP00506,40,14,88.61,2,30,55,73.55,7.86,8.59,5.34,6.76,8.74,73.7,1.81,Medium
EMP00507,29,18,88.19,2,73,59,84.69,5.17,5.86,9.86,7.73,6.4,68.64,8.93,Low
EMP00508,22,28,87.49,7,78,58,62.66,8.96,6.03,8.11,8.35,9.73,69.55,9.69,Medium
EMP00509,43,24,98.51,4,43,55,60.89,6.43,9.07,7.45,7.34,6.82,75.24,1.58,Low
EMP00510,38,8,96.58,0,41,46,77.47,8.47,7.13,9.35,8.86,7.17,84.38,10.27,Medium
EMP00511,28,10,82.18,3,58,66,91.74,8.8,6.25,8.58,9.66,7.06,75.54,4.09,Medium
EMP00512,46,22,82.16,6,75,38,61.23,5.59,7.11,5.91,8.32,5.56,61.49,8.2,Low
EMP00513,25,13,88.56,4,34,25,93.96,6.48,5.81,5.04,5.37,5.58,87.66,8.54,Low
EMP00514,57,21,81.97,9,68,51,75.36,8.62,9.46,9.91,8.05,8.98,72.65,8.66,Medium
EMP00515,27,8,92.38,5,34,65,64.73,6.16,5.36,8.15,8.48,6.91,78.66,7.37,Medium
EMP00516,52,4,82.87,9,29,35,82.7,9.24,6.77,7.39,6.42,6.08,88.8,2.25,Medium
EMP00517,40,27,90.45,3,47,32,98.09,6.56,7.78,9.72,6.61,8.54,69.2,2.23,Medium
EMP00518,48,4,80.14,1,55,25,81.7,7.01,9.37,6.85,7.98,9.8,96.49,2.55,Medium
EMP00519,31,5,86.33,8,73,41,87.47,5.5,8.91,8.61,8.54,9.68,75.5,11.13,Medium
EMP00520,47,1,93.54,1,36,57,92.66,5.74,5.11,8.35,9.36,8.62,85.19,3.31,Medium
EMP00521,40,17,89.68,1,55,52,91.97,6.38,9.13,8.39,8.81,5.96,87.76,2.68,Medium
EMP00522,24,2,99.57,1,41,15,62.92,5.24,8.19,8.39,5.67,5.77,68.21,11.87,Low
EMP00523,34,8,97.48,0,42,68,89.64,5.97,5.67,5.05,6.74,9.36,62.91,1.05,Medium
EMP00524,49,7,87.18,2,48,43,97.98,7.04,8.09,9.12,5.74,9.81,96.17,9.54,Medium
EMP00525,41,15,80.91,5,41,35,88.03,6.9,9.09,9.61,8.78,8.11,65.67,10.3,Medium
EMP00526,49,26,96.91,6,30,43,93.46,5.99,8.01,7.25,6.33,9.51,55.48,8.28,Low
EMP00527,29,25,98.22,0,55,23,79.42,5.4,10.0,7.8,5.62,9.07,74.79,11.72,Low
EMP00528,22,5,96.41,4,63,21,72.76,6.59,7.54,6.62,5.48,5.77,91.23,4.67,Low
EMP00529,24,2,82.56,4,48,52,87.05,8.73,8.37,8.93,5.57,6.11,64.1,1.97,Low
EMP00530,34,7,99.96,0,74,45,79.69,7.55,5.35,8.68,6.24,5.34,74.69,3.65,Low
EMP00531,49,8,85.17,3,61,41,95.81,9.73,9.07,8.69,8.91,7.37,68.08,2.09,Medium
EMP00532,46,28,94.48,9,51,74,98.98,5.7,8.12,8.67,6.19,6.62,51.23,6.36,Low
EMP00533,54,7,98.16,0,33,69,92.79,6.04,7.81,6.09,6.41,7.13,56.88,11.61,Low
EMP00534,59,7,84.71,0,37,56,99.71,6.4,8.54,5.56,9.4,5.04,89.85,6.69,Medium
EMP00535,27,28,98.17,6,57,46,73.93,5.07,7.8,6.55,7.21,8.61,96.73,4.58,Medium
EMP00536,53,14,86.19,6,56,19,95.83,9.72,8.83,7.88,7.54,6.0,50.21,10.97,Low
EMP00537,42,21,99.53,2,53,47,73.2,7.23,7.92,7.0,5.01,6.84,93.06,7.75,Low
EMP00538,37,18,85.63,6,76,29,64.72,7.41,7.6,6.25,5.41,7.01,86.19,11.23,Low
EMP00539,42,6,99.07,2,64,71,84.85,5.79,5.68,5.11,8.7,5.33,84.24,11.62,Medium
EMP00540,32,4,81.07,1,42,19,78.2,9.36,7.36,5.61,6.67,6.83,71.5,11.3,Low
EMP00541,58,10,94.19,9,51,34,96.87,8.46,7.69,5.53,5.75,9.5,66.58,8.61,Medium
EMP00542,57,18,90.64,3,65,52,79.69,7.16,8.12,9.78,7.14,9.47,70.53,6.52,Medium
EMP00543,56,12,89.56,9,22,51,97.11,9.39,7.28,8.89,5.23,5.12,80.07,4.19,Medium
EMP00544,40,16,84.47,2,74,31,63.15,9.53,5.73,5.61,8.55,5.15,97.34,11.35,Medium
EMP00545,41,25,94.11,6,62,64,93.22,5.25,5.75,7.34,5.4,7.97,60.35,6.99,Low
EMP00546,39,7,83.82,0,78,18,90.36,5.6,8.6,8.27,5.27,6.02,98.68,11.95,Low
EMP00547,35,6,91.06,5,41,70,88.8,5.14,8.31,9.81,7.1,9.49,61.64,11.1,Low
EMP00548,36,28,85.06,1,42,35,74.21,7.91,6.3,6.34,7.94,7.41,92.29,5.17,Medium
EMP00549,52,5,99.11,7,23,69,91.35,6.09,7.23,6.32,8.82,6.63,83.0,10.63,Medium
EMP00550,22,3,80.57,4,32,48,79.33,9.22,6.53,7.84,5.35,9.77,87.25,6.88,Medium
EMP00551,24,12,83.99,2,51,54,88.61,7.33,5.91,9.29,6.67,6.59,91.58,9.17,Medium
EMP00552,37,15,84.85,9,77,19,82.09,9.19,6.63,6.4,6.34,6.6,50.59,6.29,Low
EMP00553,44,10,88.28,6,48,18,66.3,7.78,6.31,5.63,8.72,5.67,86.21,11.88,Medium
EMP00554,32,26,84.65,1,59,71,62.58,8.98,5.41,6.33,6.85,6.11,99.78,5.39,Medium
EMP00555,33,20,89.83,4,59,36,74.65,6.86,7.52,7.25,8.14,8.8,74.73,2.05,Medium
EMP00556,31,19,97.45,7,74,28,97.31,9.73,7.25,6.8,7.45,8.8,77.09,10.44,Medium
EMP00557,53,16,94.24,0,64,18,81.19,8.34,8.57,9.31,7.85,6.93,55.3,9.32,Low
EMP00558,37,28,91.6,0,74,22,92.09,7.98,8.1,9.71,6.83,6.75,67.04,2.39,Medium
EMP00559,29,11,81.78,2,29,17,83.04,6.76,6.72,6.89,6.2,7.09,80.63,6.55,Low
EMP00560,59,8,93.88,2,32,60,98.32,9.69,7.48,9.12,5.3,6.5,56.0,8.46,Low
EMP00561,33,3,83.33,6,64,43,74.78,6.69,7.68,5.34,5.87,8.04,66.67,5.51,Low
EMP00562,45,23,95.73,5,75,40,62.28,9.18,9.59,7.77,5.86,9.18,67.4,11.0,Low
EMP00563,49,7,85.0,6,36,64,91.23,7.02,9.91,9.16,9.67,5.05,90.64,11.37,Medium
EMP00564,29,23,88.34,3,57,69,88.22,8.84,9.08,7.09,9.69,9.68,76.88,10.55,Medium
EMP00565,49,29,87.01,1,21,44,81.1,9.56,7.81,5.72,6.28,5.59,77.72,6.84,Low
EMP00566,57,7,97.18,1,36,26,73.06,7.33,9.64,6.42,5.53,9.5,64.11,5.99,Low
EMP00567,47,14,82.53,9,63,29,67.53,7.63,5.89,7.46,6.41,6.17,65.67,7.44,Low
EMP00568,29,2,91.31,0,45,66,79.29,6.65,8.48,9.22,8.98,9.59,72.56,6.69,Medium
EMP00569,49,10,82.84,8,74,66,86.65,5.27,7.3,8.74,9.35,8.94,90.84,2.09,Medium
EMP00570,49,19,94.1,6,57,72,83.16,8.26,5.72,5.42,7.51,6.35,65.85,9.67,Low
EMP00571,58,26,98.1,9,56,55,77.5,5.6,5.38,7.73,7.7,5.14,66.07,11.35,Low
EMP00572,57,9,88.69,2,24,16,81.59,6.77,7.4,9.36,7.29,8.58,78.45,6.4,Medium
EMP00573,48,16,89.76,1,44,15,64.32,6.75,6.19,7.89,5.91,9.11,91.99,1.68,Medium
EMP00574,38,19,98.55,2,28,61,87.83,5.76,6.25,5.32,5.25,8.4,75.19,4.55,Low
EMP00575,30,18,90.42,6,79,69,89.37,8.33,6.6,9.12,8.11,6.91,56.42,2.35,Medium
EMP00576,54,9,89.75,4,47,61,60.46,5.87,8.59,9.53,8.99,5.64,95.77,11.78,Medium
EMP00577,41,16,91.57,2,41,42,70.82,8.89,5.82,6.95,8.75,6.74,73.55,2.51,Medium
EMP00578,34,13,93.78,8,48,54,63.68,6.25,8.59,6.55,9.5,6.34,88.69,1.89,Medium
EMP00579,49,10,82.14,1,54,49,99.93,6.44,8.91,7.72,9.07,8.62,52.17,6.74,Medium
EMP00580,50,25,96.42,6,74,48,83.73,6.72,7.97,9.92,6.44,5.8,91.81,1.72,Medium
EMP00581,34,20,88.71,9,39,18,78.63,5.76,6.24,9.19,5.58,9.1,52.92,7.97,Low
EMP00582,56,14,81.45,5,24,32,78.52,7.17,5.26,9.06,7.15,8.06,98.38,10.56,Medium
EMP00583,27,12,95.72,5,58,26,98.59,5.4,7.04,5.97,6.74,7.41,94.52,3.75,Medium
EMP00584,39,25,87.54,6,63,64,86.39,7.14,9.24,9.48,8.64,6.8,63.33,11.2,Low
EMP00585,26,19,82.01,5,51,35,66.75,6.7,5.51,7.78,5.34,7.54,61.18,8.11,Low
EMP00586,46,7,92.68,1,58,24,77.93,6.69,8.72,9.58,9.72,7.7,89.17,2.79,Medium
EMP00587,23,23,97.6,4,29,35,90.97,8.3,7.34,8.26,9.79,6.18,57.58,8.09,Medium
EMP00588,31,15,97.76,2,59,54,76.93,8.85,9.49,9.17,5.44,9.94,93.41,1.8,Medium
EMP00589,51,16,99.15,8,36,39,72.38,6.78,6.78,5.83,7.17,9.55,51.6,4.84,Low
EMP00590,26,27,97.35,7,56,64,99.65,6.31,8.52,8.53,9.5,6.95,82.58,1.18,Medium
EMP00591,54,8,80.04,9,34,31,97.43,7.47,8.7,6.29,5.94,6.27,63.0,5.86,Low
EMP00592,22,10,87.6,1,79,65,97.66,8.94,5.99,5.84,8.46,6.54,92.13,10.15,Medium
EMP00593,39,4,96.37,0,28,20,65.27,8.22,5.79,7.87,8.56,9.9,68.85,8.67,Medium
EMP00594,53,19,87.33,3,51,28,69.37,5.19,5.46,8.01,6.17,7.04,71.63,3.19,Low
EMP00595,32,19,92.03,3,42,51,77.68,7.4,8.51,7.45,5.03,9.56,57.28,3.01,Low
EMP00596,42,28,92.13,9,30,54,93.29,9.95,7.74,5.45,8.32,5.3,81.31,8.75,Medium
EMP00597,47,21,87.3,1,79,54,89.47,6.77,5.43,6.22,8.09,8.88,73.53,8.33,Medium
EMP00598,46,27,98.09,6,32,32,93.99,7.2,6.54,6.18,8.25,8.81,50.43,2.56,Medium
EMP00599,43,15,90.06,2,37,44,96.83,6.44,5.71,6.57,5.78,8.25,86.54,8.39,Medium
EMP00600,48,14,89.3,6,68,23,91.23,7.49,5.46,8.14,8.02,5.61,56.4,9.59,Low
EMP00601,34,1,99.95,6,75,28,70.47,5.8,6.49,7.19,7.71,9.91,76.31,9.43,Medium
EMP00602,54,16,89.87,0,28,60,71.42,6.24,5.48,9.84,7.26,6.06,76.95,5.46,Low
EMP00603,55,10,83.57,5,61,66,74.1,8.56,6.3,5.08,8.88,8.55,64.97,9.96,Medium
EMP00604,56,19,90.26,3,24,60,72.12,5.69,7.76,6.08,6.94,8.76,61.43,5.29,Low
EMP00605,22,22,96.28,7,62,31,69.96,9.63,7.8,7.87,6.77,8.8,65.57,8.1,Medium
EMP00606,42,3,95.54,7,41,48,90.1,6.54,5.84,9.4,7.71,9.13,69.9,9.36,Medium
EMP00607,27,5,95.77,2,51,60,61.36,7.88,5.96,5.17,9.72,9.95,96.71,9.31,Medium
EMP00608,49,9,94.16,3,66,73,89.14,6.61,9.27,9.42,6.72,5.48,83.46,4.82,Medium
EMP00609,38,18,85.08,0,21,36,92.94,7.39,5.83,7.54,7.23,7.36,98.27,7.28,Medium
EMP00610,26,11,97.24,9,78,67,62.64,9.52,5.23,8.93,6.33,9.87,54.25,7.75,Low
EMP00611,52,16,97.87,1,40,46,62.47,5.34,6.22,9.74,8.4,9.41,52.27,3.58,Low
EMP00612,26,2,83.88,6,47,26,71.42,9.28,7.88,6.08,6.82,9.95,52.92,1.09,Low
EMP00613,59,12,82.61,6,71,69,68.33,7.79,5.04,7.94,8.46,7.91,92.96,2.09,Medium
EMP00614,24,22,99.51,8,43,71,83.25,8.33,9.92,9.42,5.73,8.36,91.72,1.38,Medium
EMP00615,44,6,97.37,9,43,30,87.02,5.28,6.15,9.22,6.32,6.32,71.9,4.29,Low
EMP00616,58,11,97.86,8,33,36,85.37,8.81,6.19,7.6,6.03,7.29,71.77,4.59,Medium
EMP00617,58,27,97.73,8,56,52,74.29,5.64,8.69,9.75,8.89,5.1,71.37,10.53,Low
EMP00618,31,8,90.83,5,46,64,79.94,9.82,6.24,8.54,5.45,8.6,97.22,2.37,Medium
EMP00619,31,12,92.93,7,43,53,85.6,9.0,6.98,7.62,6.26,9.63,63.09,3.04,Medium
EMP00620,40,29,90.91,8,25,16,64.78,7.46,7.72,5.29,7.54,5.56,85.92,7.82,Low
EMP00621,38,27,81.02,6,45,59,69.18,9.62,5.11,7.44,5.44,7.27,55.5,6.16,Low
EMP00622,42,2,94.91,3,73,69,95.62,5.85,9.19,7.11,5.06,8.12,63.08,11.93,Low
EMP00623,35,9,90.11,3,34,22,73.69,9.96,7.56,6.53,8.46,8.16,79.92,9.38,Medium
EMP00624,30,15,92.95,5,48,58,92.05,8.58,6.56,9.71,8.07,6.53,79.88,3.97,Medium
EMP00625,22,2,90.05,3,55,15,70.04,5.49,7.0,9.63,5.04,5.1,77.68,8.94,Low
EMP00626,34,29,89.84,6,29,55,61.67,7.68,5.28,6.69,5.24,9.44,56.17,3.51,Low
EMP00627,25,1,83.44,7,47,54,80.02,8.55,8.59,7.18,6.1,5.46,87.73,8.5,Low
EMP00628,22,10,85.57,7,78,55,95.7,8.07,7.7,8.76,9.53,5.89,85.56,1.4,Medium
EMP00629,53,2,83.18,7,70,19,92.77,7.12,9.57,9.18,8.26,9.81,84.05,3.2,Medium
EMP00630,55,12,83.91,1,28,59,70.12,6.24,7.32,5.55,9.03,7.5,56.47,2.13,Low
EMP00631,49,23,99.46,9,40,60,96.4,6.19,9.14,7.45,8.8,9.37,61.04,5.72,Medium
EMP00632,52,8,83.06,1,77,50,79.19,9.63,5.94,9.57,9.92,9.48,95.54,7.09,High
EMP00633,29,5,85.39,1,29,31,61.96,6.17,5.28,8.32,9.75,9.95,74.13,3.85,Medium
EMP00634,47,22,91.81,1,23,55,61.12,9.81,9.74,7.71,5.34,5.2,70.9,11.76,Low
EMP00635,55,28,92.2,3,73,44,79.4,6.05,6.28,8.59,5.11,5.27,93.63,5.52,Low
EMP00636,24,1,83.08,4,23,66,81.85,6.92,9.17,8.31,7.49,5.95,64.74,7.18,Low
EMP00637,33,15,95.87,3,25,29,63.2,5.06,6.29,9.71,6.36,8.28,91.3,6.1,Medium
EMP00638,22,6,95.7,4,45,34,96.89,9.52,5.78,9.56,7.52,6.31,72.07,10.49,Medium
EMP00639,26,12,84.75,3,59,50,88.73,5.52,8.66,6.99,5.45,7.48,81.08,5.08,Low
EMP00640,51,8,85.77,6,35,16,92.05,6.79,8.89,5.16,9.54,8.93,68.24,11.37,Medium
EMP00641,51,13,98.76,9,27,74,83.36,9.21,9.22,6.66,8.87,5.93,95.82,9.85,Medium
EMP00642,38,19,96.51,0,47,73,86.54,8.96,9.32,6.01,7.76,6.43,55.31,1.83,Medium
EMP00643,44,27,93.96,0,35,59,75.51,9.21,7.42,5.66,7.33,8.64,60.86,10.72,Medium
EMP00644,36,1,81.64,1,57,18,87.17,9.57,7.0,9.44,7.34,5.04,60.13,3.0,Low
EMP00645,58,11,88.37,0,68,64,99.13,9.56,8.75,8.55,8.08,8.79,63.01,1.66,Medium
EMP00646,42,20,91.19,9,20,38,85.91,8.85,7.85,5.16,7.73,8.38,72.72,3.44,Medium
EMP00647,35,1,83.75,9,38,62,73.67,7.91,9.83,9.6,7.41,5.65,55.84,1.94,Low
EMP00648,23,8,88.96,2,69,69,71.41,7.81,6.88,9.52,8.4,6.22,51.94,7.84,Low
EMP00649,32,5,92.02,5,36,73,98.53,5.06,5.21,9.75,8.82,5.08,78.3,5.92,Medium
EMP00650,59,17,86.55,9,68,56,67.4,8.61,7.95,9.15,8.21,7.91,75.11,6.22,Medium
EMP00651,55,8,95.62,5,47,16,92.25,6.13,6.77,5.39,6.96,6.99,67.03,7.78,Low
EMP00652,59,25,96.81,0,63,60,78.61,9.14,6.71,8.11,7.07,7.12,58.54,6.48,Low
EMP00653,55,10,86.47,5,31,16,77.75,7.77,7.82,5.42,5.49,5.52,55.87,11.91,Low
EMP00654,39,2,96.77,4,25,64,89.9,9.94,9.61,8.57,7.07,6.76,94.45,7.86,Medium
EMP00655,51,9,82.07,6,26,15,65.92,6.05,6.33,5.99,8.93,9.59,71.72,7.45,Medium
EMP00656,36,24,96.75,5,27,27,78.65,8.62,6.9,9.68,5.33,5.32,97.62,5.56,Medium
EMP00657,48,23,83.06,6,22,20,61.43,7.74,9.46,9.67,5.88,9.87,66.26,5.91,Low
EMP00658,55,3,81.66,1,68,36,86.82,9.66,9.48,7.97,9.21,9.24,80.63,11.88,Medium
EMP00659,59,18,92.84,0,40,31,62.34,6.33,6.17,8.76,7.84,6.01,78.37,1.06,Low
EMP00660,54,7,89.44,6,27,73,63.49,5.3,8.53,9.29,8.36,8.53,58.13,2.71,Low
EMP00661,45,15,98.16,8,47,63,93.79,7.72,7.08,6.95,6.61,5.45,74.69,4.77,Medium
EMP00662,36,21,87.26,1,78,36,77.72,7.61,9.68,7.9,7.44,5.8,74.23,10.95,Low
EMP00663,51,22,85.74,6,49,57,68.04,6.56,8.66,5.88,8.81,7.44,75.32,11.32,Medium
EMP00664,38,20,90.01,2,51,20,83.7,9.93,7.47,9.93,9.38,7.0,65.1,1.63,Medium
EMP00665,26,18,89.12,5,30,66,80.77,5.35,9.09,9.65,9.87,9.08,62.15,2.56,Medium
EMP00666,50,25,86.89,2,39,17,76.44,7.85,9.99,7.42,9.26,9.7,70.52,10.7,Medium
EMP00667,25,3,93.87,9,69,60,96.22,6.3,7.24,7.77,5.34,9.71,96.14,4.0,Medium
EMP00668,31,28,95.19,4,35,71,89.98,5.01,6.87,7.18,6.72,5.74,78.47,5.41,Low
EMP00669,38,23,97.06,1,44,20,66.06,9.94,8.04,5.01,8.74,8.43,73.43,1.05,Medium
EMP00670,31,14,99.46,7,79,31,82.83,7.41,8.42,6.15,7.09,7.85,59.78,6.41,Low
EMP00671,38,24,85.33,7,64,49,63.55,9.29,8.52,5.51,7.18,6.85,96.31,10.52,Medium
EMP00672,41,2,94.32,6,28,63,69.79,9.2,7.37,6.61,8.97,9.97,82.98,5.01,Medium
EMP00673,45,14,87.89,5,70,65,96.39,9.06,6.66,6.18,9.17,7.28,99.43,10.69,Medium
EMP00674,26,22,93.54,0,58,64,78.48,7.3,9.11,8.81,8.96,8.33,58.44,4.82,Medium
EMP00675,55,11,89.52,7,68,51,95.68,9.48,9.79,7.52,6.77,7.51,69.52,8.24,Medium
EMP00676,27,16,99.88,0,59,61,66.64,6.84,9.32,9.08,6.14,5.51,66.63,4.23,Low
EMP00677,23,8,94.58,7,59,49,68.21,7.04,8.41,8.18,6.79,5.71,66.61,6.66,Low
EMP00678,34,7,99.05,1,22,37,74.11,6.28,6.8,8.28,8.51,8.75,51.64,10.11,Low
EMP00679,32,11,96.7,7,35,22,74.65,7.24,8.11,9.38,6.82,9.01,76.9,10.33,Medium
EMP00680,44,3,98.06,9,31,21,89.81,9.93,5.51,9.24,5.28,6.82,80.44,1.84,Medium
EMP00681,37,17,96.29,3,34,64,83.98,7.87,7.67,5.32,9.0,5.33,52.36,11.22,Low
EMP00682,52,14,89.18,6,72,24,82.13,9.16,8.91,7.89,5.32,9.79,93.99,6.74,Medium
EMP00683,32,6,85.04,4,23,40,84.1,6.32,6.26,7.07,9.98,7.49,60.07,3.41,Medium
EMP00684,37,8,87.41,7,42,69,89.29,9.78,7.51,8.0,9.31,5.67,57.38,10.14,Medium
EMP00685,29,22,80.4,5,46,24,95.71,5.07,5.37,9.31,9.78,5.99,59.01,7.99,Low
EMP00686,25,5,90.48,4,58,33,76.59,9.65,9.19,5.06,9.17,5.23,71.08,6.59,Medium
EMP00687,25,27,90.1,0,62,37,92.12,9.49,6.75,5.05,5.51,8.55,54.12,9.93,Low
EMP00688,46,28,90.51,2,75,45,79.8,5.34,7.91,5.31,7.09,8.52,91.19,3.24,Medium
EMP00689,24,8,99.48,9,56,47,88.88,8.02,6.89,9.37,9.54,8.01,84.0,7.39,Medium
EMP00690,53,2,98.23,8,32,16,94.99,8.93,7.99,6.77,5.45,7.73,73.61,11.58,Medium
EMP00691,24,15,83.23,8,62,42,61.29,7.02,8.72,6.86,6.53,6.91,75.03,8.01,Low
EMP00692,48,12,87.38,4,56,72,81.87,5.46,6.63,6.73,7.34,9.75,70.3,7.59,Medium
EMP00693,50,17,88.48,2,59,46,99.58,9.15,7.6,6.15,7.25,9.0,85.78,1.32,Medium
EMP00694,53,1,87.21,5,40,47,79.85,7.33,8.97,5.19,9.72,9.54,97.66,3.01,High
EMP00695,40,15,95.97,4,48,23,94.57,6.32,8.44,9.53,6.98,6.56,77.67,7.73,Medium
EMP00696,42,14,90.48,0,48,43,67.44,5.35,5.29,6.16,6.19,9.89,78.17,8.73,Low
EMP00697,26,20,91.44,1,68,29,84.17,8.2,7.84,9.47,7.22,5.83,76.12,10.9,Low
EMP00698,39,22,97.06,4,30,32,94.81,5.21,6.88,9.78,6.98,5.28,95.51,10.58,Medium
EMP00699,49,16,96.12,8,70,32,77.26,8.96,8.54,7.88,8.12,6.6,81.79,4.96,Medium
EMP00700,43,29,82.64,3,69,68,79.47,8.85,5.08,6.86,9.97,6.01,93.72,8.59,Medium
EMP00701,42,9,94.28,8,47,21,63.28,6.61,6.65,8.83,7.76,7.59,79.22,6.1,Medium
EMP00702,27,1,88.71,2,29,28,61.69,7.36,5.43,5.13,7.31,6.75,84.91,6.25,Low
EMP00703,22,28,85.89,0,24,43,78.75,8.35,9.6,9.64,7.97,5.86,82.78,11.4,Medium
EMP00704,26,17,81.0,5,75,64,93.74,9.8,9.38,7.04,9.9,9.22,72.04,9.06,Medium
EMP00705,33,29,89.74,9,76,66,97.25,7.6,9.84,6.54,8.12,7.54,56.86,11.65,Medium
EMP00706,47,13,87.11,6,44,33,86.35,9.98,8.22,5.63,5.61,5.55,71.09,9.52,Low
EMP00707,55,21,85.03,3,52,19,93.06,6.63,9.04,9.78,9.56,5.38,93.6,8.98,Medium
EMP00708,35,26,93.89,9,36,55,89.39,7.63,8.06,9.06,7.95,6.92,82.79,5.7,Medium
EMP00709,47,21,95.39,4,68,64,88.06,5.58,7.46,8.62,5.79,9.54,97.18,2.17,Medium
EMP00710,48,5,84.9,3,52,59,90.76,7.78,9.17,9.65,6.15,7.54,63.94,7.93,Low
EMP00711,30,10,80.99,2,44,19,80.21,7.68,8.88,9.8,5.6,5.7,73.59,6.15,Low
EMP00712,47,6,96.98,0,52,70,78.32,9.24,8.67,6.34,9.8,6.23,87.17,7.5,Medium
EMP00713,43,24,80.2,5,74,68,66.37,9.98,9.47,8.93,5.35,5.25,56.62,4.11,Low
EMP00714,51,19,98.74,9,73,66,93.75,9.93,9.64,8.83,8.82,9.16,54.92,3.16,Medium
EMP00715,38,25,92.55,4,28,29,61.78,6.18,7.23,7.79,6.69,9.73,87.64,3.92,Medium
EMP00716,47,13,86.44,0,46,40,70.7,6.69,6.41,5.75,5.41,5.39,83.26,8.23,Low
EMP00717,57,1,84.93,4,44,38,80.8,6.37,7.56,9.7,7.17,5.86,74.04,11.48,Low
EMP00718,22,20,80.18,5,23,33,98.86,6.0,5.47,6.58,5.0,5.86,53.34,11.91,Low
EMP00719,29,25,84.71,9,28,34,91.44,5.75,9.69,7.89,9.09,9.02,81.38,9.9,Medium
EMP00720,56,15,82.75,4,65,57,74.75,7.56,9.92,5.1,7.71,9.2,83.42,11.53,Medium
EMP00721,36,14,92.24,0,34,23,88.56,9.36,8.26,7.15,7.26,7.1,65.03,4.12,Medium
EMP00722,43,8,83.33,4,35,67,97.25,7.95,8.73,8.08,9.15,9.85,54.49,1.04,Medium
EMP00723,35,10,90.57,9,35,68,81.56,9.36,6.62,6.9,7.6,6.3,75.21,3.13,Medium
EMP00724,47,9,91.8,0,32,42,78.48,9.8,9.33,7.39,7.98,7.63,74.32,7.98,Medium
EMP00725,49,17,85.96,2,33,30,82.12,6.92,9.5,5.96,9.07,9.98,64.75,10.89,Medium
EMP00726,44,9,80.7,1,41,25,72.46,9.18,5.38,6.75,8.6,9.14,78.19,11.06,Medium
EMP00727,35,3,80.75,0,40,48,96.29,5.26,5.66,8.62,8.3,7.44,80.43,10.14,Medium
EMP00728,45,11,80.53,3,28,39,91.89,7.41,6.3,9.85,8.52,5.54,96.13,9.39,Medium
EMP00729,23,12,94.78,1,74,54,88.22,6.84,8.52,7.34,6.31,9.52,88.69,4.35,Medium
EMP00730,47,10,86.36,4,60,69,83.56,6.02,5.92,8.43,5.59,7.71,90.46,1.97,Medium
EMP00731,35,25,95.93,9,72,71,98.78,7.19,6.1,9.88,8.11,6.54,59.28,6.78,Medium
EMP00732,28,17,88.63,0,23,35,71.91,7.22,6.91,8.87,6.12,7.26,72.91,4.69,Low
EMP00733,24,17,89.06,9,29,19,71.33,9.04,8.06,5.05,5.24,6.55,60.39,2.41,Low
EMP00734,44,25,90.26,0,54,25,69.69,9.34,9.88,9.68,6.27,7.76,59.35,6.04,Low
EMP00735,39,11,94.26,9,72,57,89.67,8.28,8.92,9.33,8.6,6.36,75.27,6.78,Medium
EMP00736,59,22,85.47,3,28,23,91.89,8.17,7.79,6.36,8.54,7.23,64.0,9.52,Medium
EMP00737,56,4,82.43,6,70,25,83.88,5.55,5.25,5.91,9.52,7.13,60.73,9.89,Low
EMP00738,36,7,91.12,1,67,51,86.08,7.88,7.58,9.5,8.38,8.08,86.28,6.15,Medium
EMP00739,46,21,86.54,1,35,55,73.96,6.37,6.02,8.44,7.2,5.07,51.7,11.13,Low
EMP00740,58,26,88.85,0,68,15,61.59,6.47,6.5,6.18,6.3,7.99,87.61,9.68,Low
EMP00741,49,14,92.94,4,37,40,70.15,5.47,6.25,8.57,8.79,7.97,94.93,5.76,Medium
EMP00742,31,7,89.88,5,29,24,83.37,8.18,6.74,8.0,7.06,6.96,85.24,4.85,Medium
EMP00743,38,24,92.41,5,40,73,92.52,7.92,5.31,6.55,9.08,6.23,59.66,4.5,Medium
EMP00744,43,8,90.88,1,70,54,91.09,6.1,7.88,7.78,9.26,9.2,86.8,6.1,Medium
EMP00745,47,1,94.8,6,73,33,67.18,6.32,5.23,7.64,6.76,6.72,75.1,4.63,Low
EMP00746,46,24,94.12,5,34,30,62.06,8.87,8.3,7.55,6.72,6.56,81.9,6.16,Low
EMP00747,38,22,90.68,7,34,59,94.02,8.96,8.65,7.59,9.57,7.32,69.63,7.35,Medium
EMP00748,34,4,93.58,5,30,70,63.02,7.47,7.43,5.0,6.99,6.39,59.52,2.83,Low
EMP00749,41,29,97.47,8,59,51,75.73,5.75,8.91,6.34,8.53,9.15,51.14,9.78,Low
EMP00750,46,12,88.65,9,73,64,63.77,5.28,9.84,7.15,6.89,7.82,87.06,2.24,Medium
EMP00751,25,24,88.26,1,67,55,82.56,6.36,6.7,5.64,8.66,8.77,71.33,5.45,Medium
EMP00752,31,3,95.28,6,61,18,74.53,8.66,8.09,8.75,5.87,8.73,62.11,2.82,Low
EMP00753,24,13,91.65,4,60,28,68.1,8.0,6.62,9.23,9.18,8.94,81.15,4.34,Medium
EMP00754,39,20,81.42,0,66,44,83.81,8.59,7.22,9.09,9.92,9.35,89.63,6.04,Medium
EMP00755,57,6,97.84,2,73,21,74.54,7.36,5.1,7.3,8.83,9.6,76.44,9.24,Medium
EMP00756,43,11,80.62,3,56,26,66.67,8.77,5.37,8.45,6.8,6.92,88.07,7.9,Medium
EMP00757,55,23,94.97,1,39,38,88.0,7.4,8.99,5.38,7.78,7.22,66.93,4.97,Medium
EMP00758,29,4,95.18,6,53,53,93.47,5.42,5.7,6.0,8.35,5.25,82.65,7.5,Medium
EMP00759,40,20,99.06,0,41,57,70.95,5.4,8.5,5.23,5.96,9.63,80.8,4.26,Medium
EMP00760,58,16,81.08,2,67,36,67.46,9.16,8.54,9.83,6.41,7.94,58.67,10.22,Low
EMP00761,27,7,91.94,8,37,61,63.01,8.15,9.98,7.87,9.01,8.56,86.92,6.31,Medium
EMP00762,47,22,88.56,1,35,44,81.12,6.4,8.48,5.88,9.73,7.18,88.01,8.88,Medium
EMP00763,55,29,86.61,4,24,74,93.25,8.79,5.64,8.54,6.36,7.37,82.83,4.43,Medium
EMP00764,27,11,81.81,3,20,53,70.03,5.68,8.13,7.45,5.74,7.72,68.98,8.45,Low
EMP00765,58,24,91.25,2,38,34,78.43,8.23,7.62,7.17,9.91,8.98,77.31,11.19,Medium
EMP00766,54,1,89.58,4,29,40,66.43,9.95,9.59,9.57,6.6,8.06,71.91,2.19,Medium
EMP00767,43,26,82.09,5,40,63,76.17,5.75,8.45,8.54,8.89,9.06,50.15,7.5,Low
EMP00768,42,29,92.25,0,32,19,60.62,5.71,7.59,8.45,6.9,6.08,50.57,6.51,Low
EMP00769,27,27,94.76,1,74,54,96.43,7.34,8.12,5.49,9.75,6.03,59.85,6.95,Medium
EMP00770,27,7,95.35,0,43,56,87.06,8.21,7.22,5.46,8.0,6.03,95.65,3.14,Medium
EMP00771,25,12,98.11,2,42,20,73.31,5.13,7.54,8.32,7.08,5.02,81.57,1.3,Low
EMP00772,51,7,88.19,7,42,67,95.25,7.5,8.61,5.78,5.89,5.9,69.49,1.78,Low
EMP00773,32,27,99.06,7,30,48,67.32,5.42,5.39,7.27,6.28,5.59,80.35,4.13,Low
EMP00774,51,23,97.31,3,66,72,63.15,6.21,8.08,7.85,9.28,7.27,53.19,10.4,Low
EMP00775,52,7,85.93,5,21,74,97.7,8.56,5.44,6.94,5.28,5.64,55.22,9.88,Low
EMP00776,45,10,83.19,8,25,19,72.36,8.69,9.28,5.43,5.78,7.08,54.05,11.95,Low
EMP00777,30,16,88.71,6,72,24,97.44,8.65,9.71,8.72,5.96,10.0,90.85,9.15,Medium
EMP00778,24,26,88.04,1,30,42,85.5,5.33,8.9,9.43,5.35,7.52,99.99,4.86,Medium
EMP00779,52,8,91.51,1,34,17,99.2,8.93,8.59,5.81,8.43,9.62,61.18,11.1,Medium
EMP00780,58,9,91.67,2,28,27,90.14,7.16,9.72,9.27,9.91,8.51,74.13,9.7,Medium
EMP00781,57,9,95.0,7,31,62,64.22,7.38,6.09,8.94,5.7,9.47,56.63,8.69,Low
EMP00782,45,2,90.2,9,77,61,94.09,7.1,6.14,7.82,8.99,8.13,94.09,6.9,Medium
EMP00783,52,13,82.1,8,78,16,65.92,9.29,7.41,7.98,5.88,9.05,57.79,8.89,Low
EMP00784,27,13,97.17,2,55,49,87.69,8.4,5.04,8.26,9.87,6.51,76.25,11.55,Medium
EMP00785,23,23,86.2,8,47,66,80.02,7.5,9.83,7.62,7.54,6.86,79.07,10.49,Medium
EMP00786,41,23,99.43,9,42,64,88.31,9.17,5.16,9.22,9.24,9.8,74.03,3.14,Medium
EMP00787,49,4,82.36,7,46,66,90.6,9.03,7.98,7.37,5.85,6.34,53.05,2.07,Low
EMP00788,32,25,99.17,4,43,66,92.15,5.03,6.77,7.74,9.43,7.11,84.27,1.18,Medium
EMP00789,25,24,81.82,9,33,61,93.4,7.39,5.51,5.18,5.41,8.26,94.29,8.84,Medium
EMP00790,36,12,84.62,2,73,68,93.89,5.21,5.12,5.9,5.11,6.96,54.5,4.07,Low
EMP00791,27,17,80.93,6,54,42,76.5,6.54,6.31,9.52,8.54,5.1,86.4,8.9,Medium
EMP00792,51,2,94.1,8,46,51,95.57,9.02,5.53,5.61,5.53,8.96,91.06,3.03,Medium
EMP00793,59,13,97.01,5,40,37,88.78,9.72,9.7,9.52,9.33,6.68,58.16,5.8,Medium
EMP00794,23,29,88.68,2,68,57,93.56,6.21,6.22,8.18,8.11,6.14,99.7,1.15,Medium
EMP00795,36,18,98.57,4,32,37,99.57,5.11,5.47,9.6,6.65,7.53,64.9,2.2,Medium
EMP00796,32,28,91.81,6,27,49,64.66,7.01,8.85,9.07,6.39,5.04,65.49,1.9,Low
EMP00797,29,28,92.6,7,63,55,74.82,6.68,7.07,9.33,5.41,9.32,78.37,9.7,Low
EMP00798,47,27,96.91,3,63,53,92.26,8.38,9.22,7.62,8.43,6.31,90.95,10.95,Medium
EMP00799,26,15,85.94,1,63,69,63.45,7.48,9.19,9.13,9.59,9.61,72.93,2.92,Medium
EMP00800,27,8,87.09,9,78,46,81.63,6.99,9.96,7.3,8.78,8.39,77.29,6.77,Medium
EMP00801,47,15,98.12,1,53,16,94.34,6.15,9.02,5.22,8.1,7.74,80.85,2.65,Medium
EMP00802,25,1,98.02,2,61,61,60.76,9.14,6.07,8.26,5.59,9.03,89.63,9.57,Medium
EMP00803,40,20,99.53,7,42,58,97.58,6.24,7.93,8.64,9.14,9.97,82.34,10.03,Medium
EMP00804,41,10,98.04,0,28,62,99.13,5.27,7.63,5.51,9.83,6.26,58.46,9.64,Medium
EMP00805,54,12,82.55,6,20,72,72.89,7.82,7.54,9.08,6.31,6.78,80.01,3.77,Low
EMP00806,41,5,96.47,5,55,30,90.67,6.59,6.48,5.38,7.1,7.42,60.64,4.71,Low
EMP00807,33,9,88.2,1,74,30,65.09,8.56,6.05,7.21,5.07,7.7,71.8,3.29,Low
EMP00808,22,23,99.82,8,65,65,90.91,5.4,8.58,7.44,9.16,7.76,93.29,1.04,Medium
EMP00809,47,8,89.45,4,35,17,79.26,9.83,5.51,5.18,5.1,7.74,56.19,1.71,Low
EMP00810,35,16,91.08,1,44,42,94.41,5.93,5.25,5.33,7.43,9.14,68.1,11.85,Medium
EMP00811,59,14,90.6,2,37,43,68.5,6.79,6.91,7.25,7.88,7.02,78.08,11.05,Low
EMP00812,58,27,86.43,6,53,68,86.91,7.4,8.72,6.56,5.28,5.05,93.54,1.87,Medium
EMP00813,32,25,81.5,6,57,34,91.44,9.45,9.34,9.08,5.88,9.38,88.95,6.07,Medium
EMP00814,57,13,97.91,9,22,50,68.1,8.61,7.7,7.07,8.95,8.31,71.2,11.72,Medium
EMP00815,34,23,96.05,0,39,47,92.73,5.72,9.2,5.53,6.26,5.95,74.97,1.6,Low
EMP00816,24,21,82.79,9,38,36,98.32,7.19,5.13,5.79,8.62,5.15,92.31,8.36,Medium
EMP00817,54,13,95.54,3,32,22,84.64,7.71,7.28,8.37,8.75,6.58,93.85,2.17,Medium
EMP00818,27,5,92.52,5,36,70,91.39,8.51,5.67,9.75,7.04,5.62,76.43,4.83,Medium
EMP00819,31,16,88.18,7,33,61,81.3,7.86,7.91,9.35,5.32,9.48,59.96,1.52,Low
EMP00820,26,26,85.08,2,49,38,83.92,7.29,9.6,5.65,5.05,6.39,74.91,7.58,Low
EMP00821,44,11,97.19,2,41,67,60.53,8.83,5.04,5.08,7.46,8.53,96.34,8.73,Medium
EMP00822,31,22,94.0,7,62,72,80.97,6.89,8.34,5.13,5.36,8.29,80.53,1.46,Medium
EMP00823,23,5,90.95,7,67,68,83.02,9.94,8.96,7.77,8.63,8.57,88.66,6.55,Medium
EMP00824,34,13,92.19,7,62,51,86.8,9.74,8.72,7.43,6.9,7.65,50.94,4.29,Low
EMP00825,23,28,81.82,0,48,34,66.78,8.54,5.1,5.07,8.42,8.65,81.72,8.8,Medium
EMP00826,41,11,89.48,7,69,26,69.65,9.41,5.87,5.29,7.04,7.56,79.92,6.61,Medium
EMP00827,22,25,83.87,7,21,34,90.24,6.97,5.47,10.0,8.14,6.89,73.6,1.18,Medium
EMP00828,58,19,84.17,1,74,34,66.71,7.91,5.43,9.82,9.17,9.29,83.95,3.92,Medium
EMP00829,30,3,93.23,8,72,18,76.64,6.36,8.65,5.63,9.42,7.29,93.17,6.36,Medium
EMP00830,38,15,98.23,6,27,44,70.02,9.43,7.12,5.82,5.08,7.84,96.46,2.06,Medium
EMP00831,30,7,88.08,7,33,45,81.81,7.36,8.62,9.5,8.23,7.33,62.84,10.74,Low
EMP00832,32,7,84.15,1,53,36,99.47,7.68,6.8,7.54,7.82,8.88,75.24,10.86,Medium
EMP00833,36,6,92.97,3,32,29,94.08,9.32,5.59,9.79,8.19,7.7,65.07,2.24,Medium
EMP00834,45,3,97.42,6,29,52,70.78,8.99,8.59,7.6,5.29,7.35,70.93,10.72,Low
EMP00835,59,13,94.97,5,27,51,74.74,6.61,8.13,7.89,5.35,6.29,74.94,7.3,Low
EMP00836,56,7,97.38,6,26,42,96.75,5.44,5.56,6.1,7.48,9.56,89.26,10.52,Medium
EMP00837,51,5,90.73,0,32,25,95.93,5.81,9.62,9.38,5.29,9.32,95.8,7.91,Medium
EMP00838,52,23,95.04,7,45,28,66.42,6.7,6.54,9.13,8.88,7.16,79.37,11.09,Medium
EMP00839,26,18,82.8,6,75,25,93.17,6.53,8.27,6.69,8.86,8.3,99.62,6.06,Medium
EMP00840,35,22,86.97,3,78,23,71.9,5.19,5.16,8.06,5.59,7.54,78.35,11.98,Low
EMP00841,32,8,87.79,0,51,38,81.75,7.16,7.22,6.71,7.28,5.88,90.32,10.43,Medium
EMP00842,30,17,90.23,7,38,24,60.2,5.53,9.82,7.32,7.97,6.88,56.94,7.92,Low
EMP00843,55,20,98.58,9,75,52,99.94,6.1,9.43,9.27,9.3,9.27,50.39,5.31,Medium
EMP00844,33,27,97.49,6,34,57,90.44,8.94,6.11,7.08,9.94,8.99,51.35,7.77,Medium
EMP00845,56,1,82.69,7,73,55,69.67,7.47,9.4,9.2,5.09,5.51,94.6,9.02,Low
EMP00846,56,14,83.46,9,21,51,87.35,6.86,6.47,9.8,7.38,5.38,53.74,4.77,Low
EMP00847,22,17,87.15,0,73,56,71.73,5.93,9.26,7.08,9.02,9.27,80.64,6.95,Medium
EMP00848,43,10,85.81,4,56,46,63.58,9.33,8.65,9.39,8.98,9.5,78.81,10.79,Medium
EMP00849,50,12,92.3,8,38,34,77.01,9.52,6.76,6.52,7.71,6.47,89.03,11.48,Medium
EMP00850,29,16,98.06,4,52,28,84.55,7.59,9.55,5.01,5.91,6.75,65.67,7.8,Low
EMP00851,32,14,99.25,9,58,52,63.59,9.61,7.43,5.42,7.8,6.68,67.66,2.65,Medium
EMP00852,58,27,93.07,2,69,18,80.74,7.32,6.59,8.69,6.96,5.63,67.67,9.44,Low
EMP00853,35,16,96.76,8,52,38,80.59,5.54,6.4,5.5,7.05,8.73,58.42,3.72,Low
EMP00854,51,8,90.5,8,20,46,85.15,5.09,9.7,9.7,6.64,6.85,60.39,1.71,Low
EMP00855,56,23,84.17,3,58,69,69.79,5.64,8.79,9.33,5.72,9.18,59.88,5.08,Low
EMP00856,42,28,90.49,3,47,67,60.83,8.11,6.75,7.57,8.69,9.39,57.29,3.96,Medium
EMP00857,58,10,91.1,7,36,24,72.99,6.6,6.27,7.91,8.54,9.56,88.55,6.66,Medium
EMP00858,26,29,94.85,6,76,68,75.94,8.24,6.06,8.47,7.71,9.09,80.49,1.03,Medium
EMP00859,40,17,84.4,4,25,57,85.43,7.54,6.22,8.66,6.77,8.94,78.46,8.48,Medium
EMP00860,35,27,87.37,5,71,30,97.21,6.67,5.55,7.46,9.11,7.25,83.83,5.86,Medium
EMP00861,47,29,87.28,2,63,53,68.14,6.09,7.42,6.57,5.8,5.13,67.24,3.85,Low
EMP00862,25,18,99.19,5,39,46,87.49,5.41,5.21,9.55,7.17,5.56,86.51,3.98,Medium
EMP00863,46,20,88.88,7,66,32,63.9,8.91,5.06,5.23,8.27,7.65,63.68,1.47,Medium
EMP00864,46,16,95.1,9,32,39,67.62,9.1,8.09,6.78,9.11,6.8,90.88,3.45,Medium
EMP00865,39,17,95.02,8,31,21,80.37,7.71,5.44,8.33,8.25,9.15,80.77,2.3,Medium
EMP00866,29,16,85.31,2,49,70,88.34,5.79,9.23,9.46,5.59,7.82,91.08,5.8,Medium
EMP00867,35,19,91.44,7,40,67,94.34,6.32,5.53,5.37,5.51,5.49,52.73,6.44,Low
EMP00868,53,24,97.89,2,21,61,89.76,9.78,7.71,8.29,5.25,7.39,92.16,10.06,Medium
EMP00869,59,24,89.5,1,72,65,60.61,6.13,8.38,7.44,7.8,9.11,55.07,7.22,Low
EMP00870,54,8,98.9,4,37,32,87.36,5.28,6.15,8.43,6.21,9.32,83.43,7.46,Medium
EMP00871,44,6,84.29,3,47,61,92.99,7.75,9.44,6.59,5.8,5.83,61.4,2.07,Low
EMP00872,36,6,81.48,4,23,32,81.02,6.31,7.41,8.55,5.42,5.5,52.33,4.86,Low
EMP00873,54,21,97.83,5,61,17,98.62,9.79,6.58,5.9,8.21,6.93,62.97,9.76,Medium
EMP00874,46,29,96.95,2,62,15,60.17,7.87,9.51,8.88,8.77,5.33,70.17,7.43,Low
EMP00875,38,9,99.85,0,72,47,92.75,9.83,9.29,8.75,9.29,8.63,57.2,5.13,Medium
EMP00876,54,4,93.59,3,25,21,73.39,8.93,8.55,9.73,7.98,7.24,54.98,5.74,Low
EMP00877,23,26,98.73,5,57,24,86.02,8.62,6.45,5.87,6.77,5.99,99.69,2.27,Medium
EMP00878,35,12,96.54,1,28,58,87.74,9.15,6.95,8.61,7.35,5.51,53.97,1.29,Low
EMP00879,27,28,96.89,1,39,73,72.25,8.02,8.45,6.61,8.18,9.64,59.53,2.59,Medium
EMP00880,27,12,91.38,0,64,22,99.82,5.06,5.93,6.41,8.57,5.22,62.64,4.26,Low
EMP00881,24,23,87.65,8,49,68,64.13,6.96,7.48,7.01,8.22,5.49,65.86,4.11,Low
EMP00882,28,17,98.69,2,56,46,66.28,6.1,8.69,6.43,9.81,6.17,56.56,8.73,Low
EMP00883,29,15,88.64,1,57,37,95.69,7.17,8.29,6.24,8.75,5.47,91.99,2.76,Medium
EMP00884,36,9,90.78,3,23,31,64.77,7.35,8.6,8.84,8.75,8.22,96.23,9.35,Medium
EMP00885,50,7,88.92,5,57,28,75.25,5.64,9.46,8.5,9.1,6.09,77.45,8.8,Medium
EMP00886,54,10,91.3,0,69,31,89.33,5.12,9.84,5.55,7.3,7.4,78.35,2.67,Medium
EMP00887,51,16,89.41,8,79,39,91.66,5.69,7.29,7.8,6.32,9.3,99.69,8.27,Medium
EMP00888,48,12,80.96,8,32,35,98.19,9.29,5.3,6.66,9.08,9.12,94.19,4.61,High
EMP00889,57,25,97.64,7,74,69,91.58,8.78,9.17,9.86,7.32,5.73,70.37,2.17,Medium
EMP00890,50,7,88.89,5,54,20,93.78,8.99,5.59,7.13,8.04,5.44,87.94,7.85,Medium
EMP00891,59,18,91.78,3,49,34,97.98,6.38,6.1,5.2,7.15,8.32,63.26,9.72,Medium
EMP00892,54,15,82.78,1,61,63,82.15,6.18,8.27,6.66,6.98,6.05,52.59,11.59,Low
EMP00893,58,6,80.07,7,23,34,73.74,5.19,8.73,6.56,8.36,8.91,51.11,7.05,Low
EMP00894,48,26,84.91,6,44,72,90.46,7.36,8.47,5.03,8.33,7.17,76.95,7.23,Medium
EMP00895,54,12,94.09,3,50,40,66.54,6.91,7.19,7.44,6.55,5.77,74.99,6.1,Low
EMP00896,25,11,81.98,2,66,46,62.73,9.18,9.59,9.53,5.94,9.87,57.54,4.39,Low
EMP00897,43,20,98.18,5,31,22,91.41,8.41,9.16,9.01,5.66,5.28,92.66,2.57,Medium
EMP00898,23,3,84.3,0,34,59,98.03,5.72,8.32,8.42,5.57,5.62,79.15,4.3,Low
EMP00899,31,2,84.09,1,72,62,77.7,9.94,7.21,6.72,9.09,9.06,69.08,4.67,Medium
EMP00900,26,6,83.63,6,76,58,66.45,8.85,7.32,6.16,6.43,7.26,75.29,9.1,Low
EMP00901,31,24,80.28,2,45,73,79.88,8.6,5.88,6.71,8.39,9.69,54.87,2.42,Medium
EMP00902,54,22,95.44,0,77,43,75.73,6.08,8.9,5.62,6.44,5.56,94.99,3.05,Medium
EMP00903,59,25,97.5,1,29,31,74.9,9.53,9.33,5.5,8.33,5.78,64.53,11.69,Low
EMP00904,34,5,92.28,9,31,32,85.12,7.37,9.14,7.87,9.92,5.01,58.73,1.78,Medium
EMP00905,52,18,83.76,9,77,54,66.99,6.49,7.74,9.07,5.33,6.09,71.3,11.22,Low
EMP00906,57,16,85.71,8,41,32,75.22,8.27,9.19,5.5,8.27,8.29,64.06,2.61,Medium
EMP00907,45,8,89.52,6,59,25,94.75,6.06,8.95,6.68,6.41,8.62,65.38,6.9,Low
EMP00908,36,25,99.09,6,72,59,89.19,9.54,9.16,5.61,5.41,7.15,91.22,5.36,Medium
EMP00909,50,26,84.95,9,40,26,62.22,9.27,9.91,6.55,5.39,6.29,77.35,5.4,Low
EMP00910,29,20,94.63,7,54,29,80.56,7.32,9.05,9.15,6.86,8.58,96.59,8.72,Medium
EMP00911,26,22,88.79,7,26,40,63.65,5.95,6.35,5.17,7.7,5.86,97.52,8.22,Medium
EMP00912,50,11,85.96,8,37,71,98.3,7.48,9.1,8.24,8.24,8.84,99.58,11.37,Medium
EMP00913,25,10,89.12,1,46,17,69.79,5.75,6.88,5.3,7.84,8.93,56.58,8.9,Low
EMP00914,33,24,81.42,7,79,17,97.3,6.35,7.58,7.13,9.49,7.21,94.84,7.68,Medium
EMP00915,23,25,95.97,7,54,52,93.36,7.41,8.98,7.37,5.77,5.97,64.73,2.93,Low
EMP00916,48,12,84.87,4,66,49,82.05,5.11,6.58,7.01,9.15,8.15,81.46,6.24,Medium
EMP00917,52,21,94.51,4,21,23,73.45,8.83,5.13,8.19,7.64,9.27,93.89,6.47,Medium
EMP00918,57,28,81.37,3,51,57,94.32,5.98,8.59,9.87,9.3,7.65,54.64,8.03,Low
EMP00919,57,6,99.1,4,34,54,66.11,9.33,9.51,6.34,7.13,7.31,57.59,5.03,Low
EMP00920,47,27,83.86,1,64,18,67.2,5.11,9.64,8.05,7.41,9.9,86.66,2.6,Medium
EMP00921,48,20,97.65,1,43,68,68.99,7.66,8.99,6.77,7.11,7.69,67.34,10.66,Low
EMP00922,26,5,96.19,4,39,70,83.91,8.88,9.68,10.0,5.48,5.17,82.75,1.36,Medium
EMP00923,41,23,99.36,2,29,34,72.57,6.19,9.1,9.75,5.73,7.51,55.7,2.48,Low
EMP00924,32,9,89.56,0,75,29,99.57,8.54,5.15,5.47,7.59,7.23,98.62,6.02,Medium
EMP00925,31,26,94.55,8,43,43,67.8,8.6,6.75,9.87,7.67,6.46,75.06,10.78,Low
EMP00926,59,27,87.41,1,43,19,92.22,8.19,6.68,8.69,7.34,6.59,93.53,2.13,Medium
EMP00927,27,29,83.69,9,43,53,63.83,6.82,6.1,9.96,5.06,9.65,83.75,9.11,Low
EMP00928,29,16,88.86,1,59,54,74.14,8.93,8.99,8.85,7.53,5.67,97.59,4.15,Medium
EMP00929,44,22,83.31,3,67,21,69.75,8.14,7.6,5.64,5.67,8.82,78.53,1.84,Medium
EMP00930,47,14,99.64,1,79,22,99.07,7.95,9.18,8.75,7.83,9.51,65.32,10.84,Medium
EMP00931,33,22,81.92,6,76,46,61.03,9.1,8.01,8.63,6.44,6.3,80.68,11.7,Low
EMP00932,47,8,91.78,9,67,50,88.87,6.22,7.95,5.83,9.96,5.33,99.84,2.45,Medium
EMP00933,34,27,92.53,0,53,47,69.91,6.16,6.92,8.77,6.8,6.54,90.77,10.86,Low
EMP00934,39,20,90.76,1,60,68,92.45,6.93,8.95,8.37,9.1,7.16,72.75,8.13,Medium
EMP00935,46,19,93.24,4,59,51,72.45,5.37,8.42,9.97,6.23,9.76,90.83,3.22,Medium
EMP00936,54,14,82.32,1,30,46,67.49,6.69,6.69,8.09,5.95,7.15,85.14,8.39,Low
EMP00937,33,7,91.1,8,45,57,87.72,7.03,9.97,7.07,6.11,5.46,96.94,9.92,Medium
EMP00938,57,5,85.74,3,20,50,70.3,7.48,7.31,9.77,6.67,5.73,68.24,6.43,Low
EMP00939,25,18,98.8,8,49,48,79.42,6.27,6.58,8.14,9.24,6.76,52.02,11.0,Low
EMP00940,26,2,95.24,0,72,63,65.26,9.53,8.44,6.74,8.82,5.92,54.32,6.81,Low
EMP00941,58,11,99.45,0,62,39,88.98,6.43,6.11,5.11,7.18,5.3,88.37,3.04,Medium
EMP00942,29,22,80.75,0,37,58,76.27,9.26,9.15,8.78,5.94,5.88,84.56,8.8,Low
EMP00943,49,8,85.7,3,45,46,65.62,7.22,8.4,5.6,5.24,5.53,86.67,8.45,Low
EMP00944,52,1,83.91,8,72,16,89.66,8.59,9.35,9.62,8.09,6.01,83.39,8.04,Medium
EMP00945,30,27,80.22,7,66,23,64.13,5.55,6.65,9.81,8.53,9.98,72.86,10.68,Medium
EMP00946,50,22,84.85,6,75,52,82.99,7.72,9.27,6.18,8.03,7.23,53.4,6.81,Low
EMP00947,35,12,93.58,0,28,43,84.3,9.8,7.5,5.56,7.51,8.29,91.78,8.75,Medium
EMP00948,43,2,84.62,2,28,52,97.21,8.33,5.3,7.98,9.86,5.83,59.04,11.5,Medium
EMP00949,32,18,90.18,8,20,32,66.04,9.1,5.97,6.07,5.12,9.25,99.49,2.52,Medium
EMP00950,44,7,97.76,8,26,36,86.13,6.31,6.09,7.71,9.94,6.33,60.27,5.25,Medium
EMP00951,22,26,93.88,4,63,49,75.23,9.0,8.84,7.07,6.38,9.91,54.19,3.41,Low
EMP00952,58,17,87.89,5,78,29,76.03,6.76,6.02,8.96,6.92,9.18,68.78,4.56,Medium
EMP00953,42,22,87.45,5,75,21,80.07,7.43,7.81,10.0,8.76,9.75,66.27,6.62,Medium
EMP00954,47,23,89.11,9,61,27,69.35,5.94,8.26,7.28,6.14,8.34,98.83,10.3,Medium
EMP00955,57,14,83.54,3,70,56,78.45,7.43,8.87,8.43,8.55,8.29,69.73,5.39,Medium
EMP00956,44,24,92.68,0,35,50,87.47,7.58,8.92,6.71,6.66,9.21,52.33,7.14,Low
EMP00957,22,7,87.28,4,57,30,78.28,8.11,8.59,9.31,9.7,8.58,99.35,9.93,Medium
EMP00958,36,22,97.05,0,30,55,61.7,9.34,6.07,5.18,5.86,8.03,89.32,11.21,Medium
EMP00959,42,25,95.13,0,70,35,70.31,6.52,7.72,7.47,9.66,6.79,99.9,4.85,Medium
EMP00960,30,29,92.21,4,44,42,74.06,9.92,6.45,5.88,8.96,6.11,65.88,2.96,Medium
EMP00961,30,3,87.28,4,48,24,74.19,9.24,8.88,5.88,5.85,8.91,55.89,7.4,Low
EMP00962,31,27,84.2,6,38,33,63.24,7.01,8.74,7.66,6.94,6.93,69.88,10.85,Low
EMP00963,47,6,95.52,1,37,31,77.98,6.13,6.15,6.54,5.52,5.31,57.0,3.73,Low
EMP00964,56,20,89.73,5,76,15,87.68,5.36,8.21,7.3,8.0,7.4,57.34,6.49,Low
EMP00965,46,2,84.5,1,66,27,61.95,6.17,5.29,6.53,9.8,8.29,95.13,6.35,Medium
EMP00966,47,17,83.9,9,78,50,90.04,9.42,8.84,7.28,5.4,5.12,99.7,11.2,Medium
EMP00967,32,12,83.31,4,48,61,98.2,6.46,8.9,6.43,6.29,8.53,99.72,6.02,Medium
EMP00968,59,12,95.54,3,35,72,60.37,5.69,6.74,9.02,8.78,6.12,71.92,6.9,Low
EMP00969,23,17,84.58,9,65,56,67.75,5.11,9.03,7.79,7.29,6.11,61.96,2.52,Low
EMP00970,28,27,90.53,4,59,34,81.74,6.49,9.29,5.81,6.69,7.81,58.6,6.04,Low
EMP00971,39,10,89.03,1,27,55,68.72,6.08,5.95,5.04,8.01,6.69,69.11,4.76,Low
EMP00972,48,3,91.59,7,53,54,90.59,5.51,6.75,5.09,6.47,7.25,79.95,3.44,Medium
EMP00973,55,20,97.54,7,25,66,72.49,9.76,6.31,7.11,6.64,7.57,87.18,6.6,Medium
EMP00974,48,18,97.35,5,64,20,71.75,6.34,6.87,6.57,9.03,9.61,75.82,9.48,Medium
EMP00975,38,13,89.02,2,64,37,60.04,5.03,7.23,6.31,6.96,6.02,92.14,2.94,Low
EMP00976,45,12,80.31,3,72,56,70.81,9.72,7.55,8.11,8.5,7.32,95.98,2.56,Medium
EMP00977,46,27,88.53,0,49,38,68.71,7.89,5.18,9.07,5.75,8.93,94.28,2.37,Medium
EMP00978,28,27,92.12,8,63,66,73.73,5.41,5.28,5.32,6.99,6.03,68.46,9.39,Low
EMP00979,27,27,91.16,9,53,63,65.91,5.16,8.28,5.55,7.76,5.41,97.53,9.67,Low
EMP00980,45,17,93.03,4,40,19,83.79,5.54,7.21,6.84,6.34,5.09,96.15,10.78,Low
EMP00981,54,4,83.08,7,71,46,69.55,7.96,5.45,7.21,7.11,5.52,70.58,11.61,Low
EMP00982,50,23,92.93,2,76,60,93.27,5.31,6.93,6.98,8.8,6.37,71.07,5.15,Medium
EMP00983,43,10,83.65,3,31,31,71.38,7.84,7.38,8.19,5.81,7.05,53.9,4.74,Low
EMP00984,47,11,95.01,3,68,25,68.43,8.26,8.18,5.44,7.5,7.97,96.85,11.91,Medium
EMP00985,49,6,86.78,7,25,41,62.27,5.74,5.59,7.47,6.31,6.0,54.42,2.56,Low
EMP00986,42,6,94.2,8,58,18,89.6,7.44,9.97,9.06,7.05,6.35,74.56,1.46,Medium
EMP00987,28,27,80.96,2,79,37,80.33,9.82,7.37,9.64,6.88,8.5,86.07,5.24,Medium
EMP00988,38,9,88.16,6,25,37,64.55,9.18,8.4,7.8,8.28,9.55,93.98,1.97,Medium
EMP00989,41,15,94.1,8,72,63,68.85,8.62,9.54,5.69,8.84,5.68,78.55,5.22,Medium
EMP00990,41,2,84.54,1,79,71,99.95,7.59,5.16,8.64,7.5,7.36,84.13,5.53,Medium
EMP00991,43,4,95.91,3,23,48,92.24,6.97,8.01,8.98,5.83,6.48,85.51,8.03,Medium
EMP00992,49,5,92.62,2,72,35,73.99,7.26,7.7,5.98,9.34,7.64,50.8,9.19,Low
EMP00993,28,17,91.75,7,28,36,81.7,8.82,5.29,8.39,5.93,5.6,97.12,8.13,Medium
EMP00994,22,8,87.07,3,24,15,76.64,7.77,8.47,9.65,7.89,6.36,68.0,8.78,Low
EMP00995,53,8,89.65,8,29,46,61.46,8.82,6.1,8.59,7.64,8.54,58.88,5.06,Low
EMP00996,34,22,91.95,0,66,42,91.15,9.85,8.51,7.08,6.43,9.1,73.67,6.02,Medium
EMP00997,51,12,89.45,0,27,32,88.68,8.2,6.81,7.21,9.76,8.11,86.67,8.86,Medium
EMP00998,44,21,93.97,3,42,21,76.35,8.02,8.85,5.4,8.38,9.72,91.37,2.62,Medium
EMP00999,40,8,88.67,2,23,68,93.84,7.03,9.71,7.63,7.35,8.26,85.98,8.83,Medium
EMP01000,53,19,84.05,2,77,52,81.39,5.98,9.3,9.01,7.22,8.73,70.01,11.47,Low
EMP01001,51,3,84.28,9,56,20,62.61,6.87,7.41,9.89,5.46,6.79,84.08,2.93,Low
EMP01002,50,18,80.12,1,26,28,70.38,7.6,6.13,7.0,8.9,5.85,71.59,5.34,Low
EMP01003,50,21,86.02,9,25,44,78.47,5.17,9.96,7.18,5.42,8.29,99.34,7.4,Medium
EMP01004,51,19,94.98,9,64,69,64.14,7.38,8.3,5.27,6.0,9.6,99.82,8.9,Medium
EMP01005,37,19,95.88,1,70,72,82.84,9.31,6.98,8.88,5.82,9.91,62.49,3.77,Medium
EMP01006,40,15,84.05,7,61,58,64.82,9.88,7.41,8.58,5.34,7.25,74.17,7.43,Low
EMP01007,39,6,99.18,0,34,60,68.02,9.28,5.64,7.01,9.15,7.7,78.83,11.29,Medium
EMP01008,22,16,90.05,7,54,28,95.76,5.86,7.53,8.55,9.53,6.56,81.81,4.93,Medium
EMP01009,35,8,98.34,9,69,58,99.99,5.78,5.87,8.12,8.13,8.36,71.7,7.26,Medium
EMP01010,23,16,94.14,2,51,55,82.01,6.97,6.83,8.84,9.39,8.83,76.21,7.86,Medium
EMP01011,49,18,94.45,1,33,23,84.79,6.13,7.46,6.57,8.38,5.21,77.71,10.76,Low
EMP01012,51,20,81.7,8,54,45,91.9,8.38,9.74,8.25,8.43,9.23,69.4,4.42,Medium
EMP01013,59,16,84.4,4,30,16,87.85,5.42,8.12,8.13,9.45,7.57,66.02,10.6,Medium
EMP01014,25,11,80.18,4,29,32,67.3,7.22,6.86,5.45,5.46,7.9,81.73,8.41,Low
EMP01015,22,7,94.32,5,36,19,76.47,6.4,5.57,6.4,5.27,6.03,72.1,8.89,Low
EMP01016,29,17,86.89,3,32,40,81.4,7.98,8.74,9.3,5.27,5.05,98.61,1.73,Medium
EMP01017,50,17,95.73,6,76,37,74.39,8.99,7.33,5.78,7.09,9.76,68.78,4.92,Medium
EMP01018,24,12,86.78,6,53,26,67.04,9.62,5.34,6.9,9.73,9.64,59.79,2.3,Medium
EMP01019,53,13,96.39,8,79,28,89.44,9.82,8.28,6.13,9.35,8.87,71.33,7.18,Medium
EMP01020,31,10,82.61,5,64,74,67.95,6.76,6.75,5.7,8.91,7.37,82.85,10.21,Medium
EMP01021,31,7,83.47,0,70,27,70.42,9.28,7.02,5.68,7.02,6.59,72.09,5.51,Low
EMP01022,40,14,86.82,8,24,49,71.46,7.96,9.19,6.74,9.12,5.78,64.28,3.48,Low
EMP01023,55,23,88.17,9,67,61,66.47,8.46,5.69,9.02,6.09,5.4,74.76,4.35,Low
EMP01024,54,1,86.97,8,29,29,93.98,9.26,6.7,9.83,7.93,7.29,72.35,7.31,Medium
EMP01025,44,17,95.27,4,51,49,84.42,5.65,6.82,7.86,8.73,8.96,97.21,9.44,Medium
EMP01026,49,4,81.94,6,31,66,93.39,9.74,5.02,8.18,5.46,8.63,50.94,8.59,Low
EMP01027,53,21,87.02,0,71,33,79.75,7.74,9.23,8.89,9.37,8.78,69.75,11.36,Medium
EMP01028,28,5,96.74,3,32,29,80.78,6.68,9.18,8.31,8.64,5.59,67.05,10.72,Low
EMP01029,50,20,81.34,9,40,65,84.65,6.69,8.31,9.24,7.67,9.31,61.17,2.15,Medium
EMP01030,29,24,98.85,3,67,22,74.84,8.76,9.49,9.42,5.31,9.02,77.31,8.74,Medium
EMP01031,22,23,99.73,4,73,37,79.86,8.39,6.36,8.14,8.47,5.47,80.7,5.33,Medium
EMP01032,24,25,81.77,5,72,27,81.88,8.65,6.1,7.67,7.24,6.78,50.51,4.7,Low
EMP01033,45,7,85.83,3,77,37,98.14,6.26,5.34,6.96,8.68,6.88,83.81,6.23,Medium
EMP01034,44,10,87.45,5,52,45,95.32,5.85,7.96,7.31,5.18,8.68,69.13,9.43,Low
EMP01035,29,17,95.53,9,73,44,65.17,8.61,7.48,6.73,7.87,9.3,96.15,5.58,Medium
EMP01036,58,29,91.92,6,60,56,61.65,6.49,9.05,7.13,7.24,6.88,87.18,10.03,Low
EMP01037,24,7,92.89,2,67,16,87.21,6.11,7.41,9.5,7.15,5.65,75.69,6.19,Low
EMP01038,54,1,95.15,8,70,25,61.97,6.07,6.02,9.86,7.59,5.41,97.58,1.66,Medium
EMP01039,49,7,82.36,7,66,39,62.41,5.74,9.05,6.81,5.62,8.19,84.37,7.93,Low
EMP01040,29,26,96.66,0,69,43,66.37,7.13,7.28,6.1,9.68,7.49,90.4,9.59,Medium
EMP01041,55,24,94.11,1,73,36,74.07,6.3,9.78,5.39,8.52,9.51,97.82,4.48,Medium
EMP01042,56,11,91.55,1,51,33,77.4,9.47,7.67,9.18,5.42,9.77,94.52,3.44,Medium
EMP01043,53,9,97.79,9,31,23,80.78,8.45,5.58,9.35,5.4,9.49,53.53,8.04,Low
EMP01044,45,12,94.01,8,65,55,99.69,8.72,9.26,7.25,6.05,5.38,60.51,4.88,Low
EMP01045,35,3,84.03,8,54,52,75.41,7.02,9.39,7.71,6.2,6.42,81.48,10.96,Low
EMP01046,53,4,88.59,8,55,43,69.71,8.0,7.23,8.7,7.46,6.19,58.05,9.43,Low
EMP01047,37,4,89.88,0,57,24,83.01,7.5,5.13,6.88,7.68,5.34,73.24,6.07,Low
EMP01048,25,28,81.1,6,67,36,68.61,5.84,5.15,6.01,5.73,9.59,74.01,11.73,Low
EMP01049,58,25,99.09,2,47,38,97.62,5.24,6.76,5.57,9.87,9.47,73.15,4.79,Medium
EMP01050,42,13,82.57,8,32,22,70.37,8.42,8.58,6.18,9.12,6.95,91.13,5.89,Medium
EMP01051,35,23,93.95,7,31,61,99.6,5.61,6.66,8.23,8.17,9.79,74.47,8.14,Medium
EMP01052,52,19,90.12,2,41,20,76.75,5.29,5.04,6.74,6.39,7.82,93.44,6.63,Medium
EMP01053,39,10,80.51,0,63,21,92.51,7.21,9.24,9.34,9.55,7.17,88.68,4.79,Medium
EMP01054,28,5,98.49,8,21,34,85.93,8.69,9.84,5.44,6.58,7.75,82.12,5.6,Medium
EMP01055,31,7,97.04,9,48,31,97.34,8.84,6.73,7.08,6.6,7.11,78.9,10.5,Medium
EMP01056,28,24,90.49,0,32,50,85.02,9.37,5.37,6.28,6.76,6.46,61.61,3.18,Low
EMP01057,54,16,84.58,2,54,22,83.25,6.0,6.46,9.44,5.24,5.91,88.4,4.49,Low
EMP01058,44,1,82.43,5,32,74,86.11,9.93,9.0,9.03,5.31,7.3,90.22,3.18,Medium
EMP01059,42,12,87.27,5,76,27,91.46,8.82,7.71,9.92,7.38,7.65,74.47,6.63,Medium
EMP01060,40,2,85.11,9,53,38,95.95,5.79,6.92,5.6,9.41,9.11,61.02,2.77,Medium
EMP01061,40,7,90.13,3,38,60,70.67,9.2,6.67,8.91,9.71,7.37,88.01,2.88,Medium
EMP01062,57,11,99.33,1,28,64,68.04,7.49,5.58,5.63,8.88,9.15,90.01,10.18,Medium
EMP01063,50,29,91.5,9,71,45,61.37,5.33,6.7,5.78,7.02,9.77,78.36,8.73,Low
EMP01064,39,13,97.8,5,50,37,74.8,5.66,7.35,5.2,6.55,8.61,84.86,3.07,Medium
EMP01065,23,2,93.02,9,52,31,93.85,7.17,8.37,7.32,6.08,5.6,88.68,5.25,Medium
EMP01066,22,7,89.5,4,46,64,62.79,7.65,6.31,5.63,7.69,7.31,64.58,11.09,Low
EMP01067,26,15,97.09,5,64,60,81.54,9.74,9.49,6.74,7.41,9.28,64.14,10.57,Medium
EMP01068,41,25,89.43,6,21,38,87.79,6.08,7.42,6.38,7.33,7.46,85.4,8.2,Medium
EMP01069,32,11,97.37,8,34,57,93.47,7.37,7.03,9.88,6.58,9.05,75.62,4.12,Medium
EMP01070,23,2,85.83,6,38,24,83.34,6.13,7.97,8.29,7.91,8.88,75.62,5.11,Medium
EMP01071,24,7,82.58,3,76,45,67.45,7.79,5.84,7.05,8.04,5.8,97.94,8.19,Medium
EMP01072,44,4,97.11,9,50,59,98.58,9.55,5.53,9.39,9.38,6.65,89.97,7.17,Medium
EMP01073,33,11,91.75,4,76,34,63.79,7.84,6.73,5.32,8.81,8.82,62.8,7.17,Medium
EMP01074,41,29,97.78,5,35,30,90.76,7.55,5.2,6.67,6.65,5.8,70.32,5.66,Low
EMP01075,26,2,98.76,8,62,28,63.46,8.75,6.89,7.57,6.9,7.11,91.5,1.99,Medium
EMP01076,58,29,81.07,4,34,17,65.74,5.74,8.36,5.27,6.2,5.69,53.66,2.34,Low
EMP01077,59,16,90.02,4,25,44,95.93,9.53,9.06,5.73,5.85,6.18,66.05,10.19,Low
EMP01078,51,7,87.5,6,33,32,90.12,7.89,7.9,9.48,5.54,6.43,66.99,10.73,Low
EMP01079,30,13,92.52,1,46,73,74.62,8.43,8.46,5.9,5.17,7.65,69.51,10.83,Low
EMP01080,55,5,95.87,2,57,20,85.55,9.09,9.17,9.61,7.09,9.56,62.96,6.22,Medium
EMP01081,56,17,85.61,1,38,34,78.29,8.18,8.87,5.48,9.8,6.93,82.09,11.29,Medium
EMP01082,43,21,91.14,9,56,49,62.66,8.21,6.6,9.44,7.69,9.25,69.75,10.21,Medium
EMP01083,45,12,94.17,9,62,33,88.85,8.65,7.87,7.27,8.71,8.48,77.11,5.23,Medium
EMP01084,38,28,82.69,1,23,40,90.53,5.26,6.32,7.87,6.99,8.9,63.63,3.45,Low
EMP01085,31,19,96.28,2,77,49,95.29,6.91,7.88,6.41,6.92,8.81,93.07,9.01,Medium
EMP01086,51,7,92.12,5,45,26,81.63,9.81,7.13,6.37,5.63,6.51,60.29,8.98,Low
EMP01087,44,6,98.99,4,79,22,86.93,6.29,6.86,7.46,6.5,6.18,93.87,10.79,Medium
EMP01088,53,8,86.79,4,28,71,77.52,7.71,5.92,6.78,9.64,9.89,58.95,1.56,Medium
EMP01089,38,13,82.16,1,60,71,72.76,5.88,7.81,5.39,7.45,8.69,68.51,4.88,Low
EMP01090,38,5,90.13,1,68,51,76.47,6.62,8.65,6.77,6.02,6.83,88.96,1.38,Medium
EMP01091,35,2,81.72,0,59,63,96.47,8.59,7.86,6.27,8.32,7.77,74.63,3.31,Medium
EMP01092,30,9,99.39,2,34,24,66.57,8.22,5.35,9.25,7.03,8.88,61.86,5.4,Low
EMP01093,23,11,80.77,6,60,35,69.94,7.07,9.62,9.19,9.14,5.28,83.17,2.35,Medium
EMP01094,46,24,95.07,4,56,63,84.25,9.69,5.03,5.71,5.46,5.5,56.38,10.05,Low
EMP01095,30,6,90.5,6,23,55,64.65,8.88,9.43,8.65,7.61,5.13,60.76,3.23,Low
EMP01096,43,29,87.37,8,45,59,95.67,6.34,8.83,7.25,9.01,5.82,62.84,5.52,Medium
EMP01097,25,26,81.32,5,71,56,61.89,7.33,5.48,9.34,9.27,5.6,79.22,9.82,Low
EMP01098,47,7,92.44,1,37,43,90.21,9.39,6.18,6.37,6.98,7.32,77.61,2.28,Medium
EMP01099,50,25,91.7,0,60,45,74.95,5.11,6.74,5.44,8.71,6.44,75.98,7.82,Low
EMP01100,55,7,85.62,0,72,54,62.05,7.91,9.55,9.0,9.83,5.23,54.87,11.35,Low
EMP01101,44,19,98.2,9,78,21,93.72,6.16,9.9,9.34,8.11,7.25,89.01,6.0,Medium
EMP01102,58,6,86.08,8,54,48,85.62,5.32,5.44,9.2,9.06,7.89,56.59,3.64,Low
EMP01103,32,11,88.99,5,73,48,60.35,9.56,6.98,6.65,7.87,6.85,96.94,11.38,Medium
EMP01104,27,29,90.88,5,60,44,70.7,9.08,5.75,5.15,8.95,6.3,53.26,1.6,Low
EMP01105,39,11,82.0,3,60,18,74.08,5.93,6.39,5.7,9.7,6.95,94.0,4.43,Medium
EMP01106,42,7,98.64,1,79,55,72.9,9.18,9.91,9.6,8.56,7.6,64.89,9.99,Medium
EMP01107,57,2,87.49,9,48,44,79.93,5.73,9.92,6.82,5.77,7.18,84.99,2.69,Low
EMP01108,59,19,81.62,2,72,39,81.07,7.38,7.36,9.4,5.41,5.47,66.66,1.92,Low
EMP01109,55,4,87.75,2,43,28,75.87,8.63,5.92,9.9,9.06,7.28,86.0,6.04,Medium
EMP01110,38,26,92.0,7,23,38,73.27,7.67,7.74,6.98,6.29,8.6,74.06,4.65,Medium
EMP01111,58,6,90.27,5,40,57,80.18,9.25,6.6,8.88,9.38,9.1,76.34,9.77,Medium
EMP01112,46,17,93.89,6,58,45,61.34,8.08,9.64,5.85,5.98,7.2,85.82,4.71,Low
EMP01113,59,25,81.11,8,26,67,85.81,7.16,9.09,6.92,9.56,9.97,56.68,8.37,Medium
EMP01114,33,5,85.69,0,42,53,84.24,9.63,6.54,8.53,9.03,9.21,63.32,7.16,Medium
EMP01115,44,29,96.38,1,59,42,71.17,5.18,5.09,6.04,9.41,6.08,92.04,7.57,Medium
EMP01116,43,28,81.6,8,78,39,67.18,7.44,9.99,6.6,6.16,7.28,89.49,6.62,Low
EMP01117,42,7,97.11,4,40,33,62.92,8.3,8.42,7.82,9.39,6.48,99.51,2.49,Medium
EMP01118,48,9,81.84,3,20,18,83.49,9.18,7.13,8.46,7.94,7.75,51.15,1.68,Low
EMP01119,52,25,96.69,0,78,48,82.76,7.71,6.44,6.78,5.42,6.12,57.11,6.98,Low
EMP01120,27,1,87.22,8,60,46,81.33,9.43,5.02,6.88,9.66,5.18,66.87,8.14,Medium
EMP01121,48,1,92.24,8,44,39,99.42,7.13,5.77,5.55,5.97,9.52,84.67,8.98,Medium
EMP01122,55,19,83.06,3,50,69,81.26,6.59,5.03,9.92,6.07,7.6,65.78,8.94,Low
EMP01123,33,6,81.32,8,74,36,88.87,9.87,7.99,8.06,8.52,9.57,67.3,9.14,Medium
EMP01124,28,18,84.32,9,63,67,64.52,8.34,8.32,7.65,7.92,5.59,61.37,1.22,Low
EMP01125,31,10,82.56,0,57,42,71.96,7.13,8.83,6.06,9.51,5.76,95.48,3.46,Medium
EMP01126,38,28,86.25,4,64,69,71.02,9.39,5.93,7.44,6.53,6.13,77.38,9.03,Low
EMP01127,47,11,90.29,0,24,65,83.04,8.42,5.48,7.24,5.21,7.29,57.98,2.36,Low
EMP01128,42,1,91.78,3,72,67,73.23,8.19,8.25,6.29,9.97,9.4,79.11,3.05,Medium
EMP01129,49,1,95.8,4,50,32,85.64,8.64,7.5,7.23,6.56,8.25,57.98,8.26,Low
EMP01130,23,13,93.12,2,70,67,87.6,8.69,9.38,6.02,5.81,5.28,63.59,9.89,Low
EMP01131,22,5,92.18,1,77,21,61.35,7.46,7.67,8.55,9.92,7.04,84.81,2.79,Medium
EMP01132,57,20,88.24,5,20,25,85.59,7.1,7.22,9.54,7.81,8.62,87.91,7.06,Medium
EMP01133,47,1,89.48,2,73,56,64.67,9.55,7.44,5.01,5.74,6.61,71.65,2.99,Low
EMP01134,50,20,88.29,9,75,25,78.61,7.49,8.91,7.78,9.18,7.46,58.36,3.29,Medium
EMP01135,42,3,96.84,0,49,69,89.06,6.08,5.09,8.66,9.73,8.56,60.58,6.3,Medium
EMP01136,32,18,84.6,4,37,23,88.13,7.61,9.59,9.54,9.41,9.82,76.98,8.41,Medium
EMP01137,32,9,80.11,1,27,49,71.99,5.17,8.57,6.79,5.99,6.67,79.45,7.32,Low
EMP01138,57,14,93.03,1,75,70,70.89,8.62,9.43,9.54,5.26,8.72,93.43,2.02,Medium
EMP01139,56,27,84.05,3,45,51,77.61,5.63,9.8,9.13,6.86,8.74,63.41,4.14,Low
EMP01140,55,17,97.8,3,59,37,67.55,5.56,6.13,7.63,6.77,7.71,80.6,11.32,Low
EMP01141,45,23,97.18,3,77,47,98.99,9.73,7.89,6.28,7.03,9.07,50.13,7.9,Medium
EMP01142,43,14,81.53,6,34,15,73.8,8.86,7.43,8.26,8.99,7.68,73.56,8.24,Medium
EMP01143,26,29,82.13,0,38,34,96.92,7.07,7.69,6.3,5.05,8.12,69.91,3.32,Low
EMP01144,54,4,89.9,7,29,19,96.33,6.2,5.24,6.74,8.37,9.19,56.01,11.54,Medium
EMP01145,57,5,92.18,9,43,43,74.59,9.22,9.57,7.33,9.93,7.38,94.56,3.27,Medium
EMP01146,41,26,85.5,8,35,40,70.16,9.84,9.77,7.49,7.0,7.39,55.4,3.76,Low
EMP01147,40,21,94.34,9,62,65,90.83,7.54,8.43,5.95,7.43,7.96,63.27,6.61,Medium
EMP01148,56,17,91.9,5,50,52,69.18,7.9,6.29,8.47,8.14,9.02,86.7,6.46,Medium
EMP01149,38,22,86.5,3,63,17,80.85,6.22,8.94,9.96,6.43,5.64,59.04,1.36,Low
EMP01150,55,29,80.51,5,35,35,64.43,7.95,8.65,6.22,8.59,8.86,53.84,9.18,Low
EMP01151,30,25,95.0,9,35,73,75.44,7.0,7.87,7.77,6.01,6.47,98.47,2.06,Medium
EMP01152,47,2,84.3,6,47,27,63.13,9.23,5.85,7.27,5.32,5.36,64.68,1.59,Low
EMP01153,23,23,96.69,5,39,45,71.34,6.89,6.01,6.54,9.01,8.96,53.03,6.58,Medium
EMP01154,30,22,88.41,0,54,31,86.61,8.24,7.95,7.1,5.88,5.73,57.05,1.53,Low
EMP01155,30,5,91.54,4,78,49,99.65,6.02,5.64,8.66,8.66,6.07,61.12,3.21,Medium
EMP01156,38,4,97.46,7,28,37,70.19,5.45,8.62,7.07,9.36,8.53,97.92,5.3,Medium
EMP01157,22,4,97.27,7,59,17,78.93,5.2,6.06,7.53,5.23,7.82,50.8,7.63,Low
EMP01158,46,6,87.43,9,29,67,77.92,7.08,9.55,7.39,8.53,9.6,89.64,9.61,Medium
EMP01159,46,20,84.18,8,64,69,67.37,5.82,9.5,7.78,8.23,9.77,89.05,4.19,Medium
EMP01160,56,21,95.5,3,37,59,84.4,9.97,6.47,6.46,8.12,6.57,74.98,6.18,Medium
EMP01161,24,13,88.66,9,64,16,88.99,8.99,5.42,7.55,6.48,6.62,96.65,11.49,Medium
EMP01162,58,22,83.84,5,64,17,65.89,8.47,8.06,5.67,5.23,6.05,50.67,5.29,Low
EMP01163,51,5,98.09,6,34,34,90.28,9.02,7.24,8.71,5.49,7.59,74.76,8.81,Medium
EMP01164,59,23,83.96,4,64,62,88.01,6.31,5.72,5.55,6.36,6.89,62.67,3.98,Low
EMP01165,55,25,80.52,7,49,67,67.89,9.4,7.66,8.92,7.03,5.07,88.1,7.86,Low
EMP01166,33,26,80.41,2,67,58,85.96,9.98,9.96,9.13,9.59,6.97,58.66,9.85,Medium
EMP01167,40,23,92.45,7,51,71,75.75,6.45,5.34,5.1,8.42,5.31,93.75,11.06,Medium
EMP01168,58,7,93.23,4,59,23,87.25,9.92,6.32,9.15,5.13,9.0,70.27,11.31,Medium
EMP01169,38,20,86.22,0,46,62,79.84,6.6,7.69,8.24,9.6,9.64,56.79,4.32,Medium
EMP01170,31,1,86.4,5,46,18,61.93,5.06,8.97,5.48,8.6,6.48,51.74,3.21,Low
EMP01171,33,14,86.79,1,38,39,91.48,6.84,5.09,9.99,7.46,8.25,84.47,9.95,Medium
EMP01172,37,24,93.6,6,29,66,82.22,9.99,8.66,8.08,7.32,5.44,96.42,7.93,Medium
EMP01173,45,4,81.16,8,63,64,88.99,8.18,5.7,7.0,9.67,6.82,98.49,5.56,Medium
EMP01174,40,17,98.58,2,65,72,65.04,8.48,9.15,9.43,7.75,7.88,93.72,1.4,Medium
EMP01175,29,21,84.45,9,25,15,88.85,6.19,8.46,5.21,7.51,5.52,69.48,4.38,Low
EMP01176,52,14,99.99,3,72,53,76.55,5.73,7.28,8.59,8.87,6.89,95.29,2.22,Medium
EMP01177,42,16,83.43,3,43,66,91.97,9.43,9.11,5.72,7.97,9.78,82.18,6.41,Medium
EMP01178,38,14,95.43,3,28,26,83.97,7.07,8.67,7.76,6.24,5.83,53.17,10.1,Low
EMP01179,44,16,84.47,2,46,54,74.2,5.02,8.8,5.48,9.99,8.1,58.54,4.44,Medium
EMP01180,58,24,81.62,4,26,54,68.08,6.47,6.45,8.4,6.4,9.17,69.25,4.93,Low
EMP01181,37,20,97.5,8,25,74,92.64,5.98,8.1,7.32,8.42,8.86,65.31,9.62,Medium
EMP01182,27,29,97.18,7,73,38,82.41,8.02,5.71,5.03,7.45,8.86,66.8,6.02,Medium
EMP01183,29,28,88.07,9,52,68,99.5,8.78,9.1,5.36,5.61,5.3,86.75,8.35,Medium
EMP01184,46,8,94.05,1,40,23,74.94,7.49,7.63,8.52,9.79,9.87,52.94,3.07,Medium
EMP01185,39,24,91.14,8,65,60,87.43,5.93,9.12,7.0,6.68,8.64,80.29,3.76,Medium
EMP01186,46,3,97.06,9,75,34,84.91,5.29,6.06,8.36,8.29,9.77,66.83,7.98,Medium
EMP01187,33,25,86.3,1,57,19,85.5,6.57,5.65,6.95,8.69,9.9,94.12,2.23,Medium
EMP01188,36,19,90.47,6,63,34,89.48,9.03,8.44,6.81,6.97,6.79,52.86,2.93,Low
EMP01189,47,1,89.71,4,36,35,65.56,7.1,5.29,9.27,6.3,7.72,98.58,4.49,Medium
EMP01190,47,2,87.08,6,50,16,81.99,6.26,6.22,9.27,5.29,8.65,54.05,2.99,Low
EMP01191,53,15,97.83,4,56,35,80.37,5.1,9.54,9.6,9.76,9.25,71.72,11.73,Medium
EMP01192,31,22,83.32,5,30,56,73.7,7.48,5.66,9.12,7.91,9.85,92.85,3.82,Medium
EMP01193,37,28,82.99,7,47,38,77.45,8.42,6.88,5.64,8.58,9.87,66.09,11.5,Medium
EMP01194,28,10,91.54,0,24,23,80.75,5.95,9.73,5.33,7.34,6.64,92.5,10.31,Medium
EMP01195,38,18,93.15,0,31,53,72.84,7.69,5.1,5.29,6.17,8.4,98.16,4.66,Medium
EMP01196,44,22,83.89,4,22,69,71.73,7.1,7.23,9.9,9.98,5.73,56.14,7.04,Low
EMP01197,47,14,87.81,0,75,44,89.53,8.52,8.93,7.51,9.84,9.05,73.86,4.72,Medium
EMP01198,42,17,98.93,2,60,68,62.68,9.3,9.54,5.58,9.3,5.8,61.54,8.73,Low
EMP01199,43,27,84.93,9,57,32,72.52,6.54,8.68,7.72,9.58,9.45,88.35,4.98,Medium
EMP01200,28,13,93.37,8,73,72,86.15,9.52,9.44,8.55,7.88,9.9,55.4,6.13,Medium
EMP01201,35,1,94.8,6,21,58,68.35,8.53,5.17,5.47,6.84,5.43,88.74,8.91,Medium
EMP01202,36,5,88.96,5,45,57,82.89,5.19,5.5,6.73,6.72,7.56,83.77,5.58,Medium
EMP01203,28,26,98.75,7,21,24,72.09,8.96,8.69,5.94,9.67,6.32,81.57,8.58,Medium
EMP01204,30,13,94.73,7,73,59,93.73,7.47,8.77,9.88,9.79,7.35,71.72,5.07,Medium
EMP01205,29,27,89.16,5,31,55,74.0,9.73,8.03,6.59,7.2,6.47,75.08,5.39,Medium
EMP01206,44,25,91.39,3,59,62,69.18,6.62,8.65,8.45,8.04,5.33,55.02,4.54,Low
EMP01207,50,14,93.85,3,21,35,81.2,7.96,9.29,9.59,9.03,6.97,63.49,11.88,Medium
EMP01208,39,24,91.84,3,60,36,65.43,9.78,7.73,9.32,8.51,6.02,95.67,6.55,Medium
EMP01209,52,3,97.57,5,35,31,91.9,6.36,9.74,6.97,9.35,7.75,72.1,3.44,Medium
EMP01210,51,15,87.14,0,79,19,87.2,7.36,8.47,6.55,8.04,8.4,70.14,7.24,Medium
EMP01211,56,19,86.0,1,49,20,90.82,8.76,7.36,9.05,7.91,7.03,52.37,6.16,Low
EMP01212,39,17,84.28,5,76,24,75.96,8.46,7.11,6.03,6.88,6.02,94.22,9.57,Medium
EMP01213,38,3,80.76,0,66,57,93.4,9.19,8.75,8.59,5.37,5.96,87.67,11.29,Medium
EMP01214,35,16,80.86,8,65,16,79.74,7.6,8.15,9.18,5.28,5.01,54.58,2.22,Low
EMP01215,52,14,97.4,5,71,21,63.79,6.59,9.09,9.25,5.76,8.51,57.51,11.79,Low
EMP01216,45,12,93.57,6,55,60,68.96,7.68,8.9,5.04,5.29,6.27,56.18,2.81,Low
EMP01217,56,28,93.21,0,23,18,88.44,6.75,7.62,7.5,7.68,9.85,82.66,4.01,Medium
EMP01218,55,12,92.29,7,30,51,95.86,5.88,9.73,6.79,7.02,8.74,57.95,9.53,Low
EMP01219,24,29,96.98,4,72,33,63.81,7.77,8.52,9.89,5.13,6.48,99.75,2.71,Medium
EMP01220,58,11,89.61,4,43,67,94.57,5.24,6.0,7.72,5.11,5.79,78.68,9.99,Low
EMP01221,47,17,97.41,5,37,42,91.96,5.18,8.09,7.14,7.62,8.12,93.51,8.41,Medium
EMP01222,44,8,87.19,6,46,34,74.26,5.32,6.01,6.22,7.75,9.32,86.5,9.86,Medium
EMP01223,36,17,98.53,6,56,74,87.57,8.36,7.79,9.23,5.19,7.92,51.22,7.2,Low
EMP01224,25,21,93.97,4,21,44,67.48,7.03,8.95,6.6,8.35,5.05,71.06,11.83,Low
EMP01225,50,25,85.14,0,34,56,92.54,7.47,9.06,9.13,5.63,8.93,68.08,7.52,Low
EMP01226,43,23,91.28,8,30,52,86.29,6.72,8.25,9.46,7.47,9.82,97.61,5.35,Medium
EMP01227,46,20,90.66,5,46,16,77.55,6.27,8.92,5.29,5.79,5.24,66.92,11.63,Low
EMP01228,34,11,82.76,8,75,17,94.58,6.79,7.36,7.55,5.2,9.05,84.37,1.81,Medium
EMP01229,39,25,91.82,3,68,74,65.57,5.97,7.75,7.1,6.06,8.59,79.47,6.66,Low
EMP01230,54,25,86.3,1,67,61,93.83,8.39,9.4,6.97,7.32,6.99,86.83,7.95,Medium
EMP01231,37,2,81.05,2,66,56,60.96,5.51,7.47,6.86,8.72,8.17,53.06,4.8,Low
EMP01232,23,10,98.97,3,42,63,90.13,7.58,6.75,7.66,6.33,5.79,96.54,2.01,Medium
EMP01233,56,10,92.83,9,54,53,82.93,7.38,8.98,5.65,8.43,8.6,99.65,5.51,Medium
EMP01234,55,11,97.54,7,71,39,87.87,6.51,5.25,9.36,9.31,7.91,77.72,9.92,Medium
EMP01235,51,28,93.52,2,49,16,76.49,5.51,9.79,7.79,6.35,5.43,58.22,7.28,Low
EMP01236,34,6,87.14,7,66,53,94.58,8.52,6.7,6.74,7.61,9.34,93.47,9.34,Medium
EMP01237,34,4,90.25,5,43,29,72.53,7.85,8.15,6.22,7.05,5.64,82.37,8.89,Low
EMP01238,39,24,93.51,3,38,17,71.0,9.05,8.43,8.08,5.14,7.19,81.2,4.15,Low
EMP01239,53,12,99.21,6,79,19,72.07,6.18,5.69,8.93,6.96,5.66,94.25,3.79,Medium
EMP01240,53,11,85.07,4,48,68,90.97,8.96,9.11,7.2,6.89,8.23,86.57,9.7,Medium
EMP01241,56,23,97.5,4,32,54,79.81,6.46,7.86,9.92,8.11,8.69,95.99,2.87,Medium
EMP01242,50,23,98.48,8,67,50,81.48,5.56,6.64,7.68,9.33,9.74,97.88,7.22,Medium
EMP01243,50,27,93.41,2,42,64,93.27,5.67,9.25,9.89,8.36,6.26,67.24,11.52,Low
EMP01244,37,26,98.63,9,31,65,93.33,6.11,8.13,9.81,6.78,6.83,59.9,6.78,Low
EMP01245,31,25,87.96,3,68,54,66.47,8.41,8.93,8.0,7.24,6.93,69.27,9.87,Low
EMP01246,51,13,99.06,4,67,69,81.99,6.22,9.96,7.91,9.44,5.49,98.38,3.82,Medium
EMP01247,46,5,94.06,0,60,52,65.04,8.02,5.65,5.53,8.2,9.04,59.57,1.64,Medium
EMP01248,41,6,80.84,6,48,51,94.74,6.28,8.75,9.65,6.95,5.41,79.56,4.83,Low
EMP01249,26,1,98.14,7,25,41,93.48,6.83,8.79,9.02,8.0,6.69,54.21,7.32,Low
EMP01250,22,6,89.69,5,70,19,93.97,9.45,9.37,7.5,8.22,5.95,91.62,8.04,Medium
EMP01251,51,18,89.21,8,42,31,88.19,7.5,7.04,6.53,7.41,8.32,83.41,6.9,Medium
EMP01252,24,22,91.33,2,50,52,78.68,8.0,9.35,9.19,9.33,9.53,76.11,5.76,Medium
EMP01253,35,9,82.99,1,64,59,76.19,5.95,8.2,6.46,9.06,8.73,81.5,11.84,Medium
EMP01254,51,24,89.38,4,40,55,75.81,5.66,5.34,7.71,7.62,8.87,55.85,8.57,Low
EMP01255,25,25,96.62,8,43,70,62.65,7.07,5.16,5.99,9.79,5.39,93.07,11.49,Medium
EMP01256,39,29,80.31,0,27,26,97.95,9.28,7.41,9.02,9.77,8.69,67.01,2.94,Medium
EMP01257,58,15,85.46,0,63,56,78.01,6.2,8.93,8.76,9.83,5.31,58.46,11.99,Low
EMP01258,46,26,80.05,9,28,45,97.2,8.11,6.92,6.46,6.1,7.42,50.74,8.73,Low
EMP01259,22,8,88.31,2,41,47,95.17,9.36,9.26,5.59,5.52,8.46,53.04,11.69,Low
EMP01260,36,19,94.57,9,23,57,93.14,9.67,7.46,5.89,8.1,6.27,83.58,7.67,Medium
EMP01261,30,24,95.98,2,32,43,83.53,9.97,5.13,8.08,8.64,8.41,85.92,2.69,Medium
EMP01262,36,16,98.9,4,53,52,64.06,8.81,9.87,5.75,6.53,9.4,57.44,4.83,Low
EMP01263,45,6,92.17,3,22,17,72.96,5.38,7.45,6.6,7.69,9.39,80.29,1.58,Medium
EMP01264,25,29,85.09,5,56,52,84.14,9.36,8.25,9.2,8.24,5.96,74.15,2.67,Medium
EMP01265,33,6,98.48,7,75,55,60.54,9.43,6.0,5.41,7.32,6.37,96.86,11.98,Medium
EMP01266,58,22,95.51,7,47,68,61.71,7.79,6.49,7.91,7.71,8.33,83.26,11.07,Medium
EMP01267,58,3,91.49,3,45,54,87.11,5.34,7.42,7.0,5.38,9.21,76.02,10.92,Low
EMP01268,27,10,93.91,0,69,44,95.53,7.38,9.28,5.6,9.97,7.28,64.19,1.02,Medium
EMP01269,45,1,98.49,6,72,61,94.21,6.05,5.51,7.55,6.89,9.61,73.09,5.96,Medium
EMP01270,32,28,94.25,5,65,36,66.73,7.21,8.9,7.58,6.03,7.87,62.36,9.6,Low
EMP01271,34,14,87.37,4,76,52,96.45,8.62,7.9,6.89,7.4,6.31,83.92,3.49,Medium
EMP01272,55,4,94.26,3,53,46,87.85,8.34,7.5,5.28,6.59,5.1,79.7,5.62,Medium
EMP01273,46,26,80.81,5,34,69,88.65,8.9,9.38,6.03,6.96,9.04,64.81,3.25,Medium
EMP01274,28,12,87.73,7,27,57,72.16,7.38,5.59,7.02,7.81,5.46,50.6,8.62,Low
EMP01275,25,6,88.13,5,67,24,88.64,7.55,9.95,6.39,6.39,5.39,99.14,8.74,Medium
EMP01276,29,11,83.34,2,54,46,88.39,9.68,9.27,5.8,8.33,8.89,52.65,4.11,Medium
EMP01277,41,12,80.46,8,43,57,83.79,8.16,6.63,7.43,7.16,5.16,77.35,6.25,Low
EMP01278,50,10,82.67,2,71,18,74.29,8.74,7.26,6.99,5.42,9.21,92.6,5.97,Medium
EMP01279,31,18,93.09,3,71,43,92.44,8.32,5.13,8.32,9.43,7.99,81.05,9.56,Medium
EMP01280,55,7,96.05,4,79,59,97.5,8.2,7.64,7.8,7.39,8.18,79.35,8.43,Medium
EMP01281,47,7,99.76,1,74,22,94.8,9.57,7.74,5.85,9.61,9.69,85.75,1.75,High
EMP01282,24,11,86.93,9,56,34,69.72,6.78,9.63,8.44,6.9,9.33,65.41,2.66,Low
EMP01283,27,4,91.99,9,23,61,77.83,7.14,6.94,7.33,7.71,5.38,69.48,10.24,Low
EMP01284,26,20,98.74,1,74,21,73.7,6.9,7.85,5.57,9.37,9.26,54.23,11.62,Medium
EMP01285,26,1,83.34,5,31,15,88.3,8.83,8.7,5.09,7.31,8.34,50.23,8.0,Low
EMP01286,44,13,94.35,1,38,74,93.26,9.34,8.04,8.13,8.17,6.58,63.23,5.01,Medium
EMP01287,30,18,95.1,9,34,39,68.63,6.79,5.78,8.09,6.24,9.27,90.71,3.43,Medium
EMP01288,56,9,81.78,0,76,40,97.89,5.71,5.86,9.1,6.19,5.12,80.58,9.18,Low
EMP01289,41,26,97.22,7,49,23,87.09,7.47,5.69,8.81,7.71,9.19,56.97,8.02,Medium
EMP01290,56,24,96.26,9,64,37,68.74,9.92,6.09,9.39,8.07,8.1,71.32,11.0,Medium
EMP01291,39,24,80.67,9,56,54,74.84,6.02,6.64,6.46,8.28,6.31,50.98,10.93,Low
EMP01292,38,9,81.82,0,31,16,64.18,7.26,8.7,7.07,8.84,5.03,90.11,4.38,Medium
EMP01293,45,23,80.98,9,38,40,83.88,6.36,5.3,5.31,9.61,7.61,73.05,9.83,Medium
EMP01294,24,29,86.69,5,53,28,66.77,9.61,9.1,7.06,6.2,7.11,63.84,3.79,Low
EMP01295,53,9,90.19,0,26,58,87.72,7.75,6.31,6.1,8.1,9.31,88.41,9.6,Medium
EMP01296,56,10,90.65,7,47,45,89.49,7.89,8.07,9.03,7.22,8.94,98.52,2.85,Medium
EMP01297,59,28,85.35,4,74,40,79.17,5.04,7.76,8.28,5.45,7.95,70.16,4.82,Low
EMP01298,34,2,98.23,2,47,69,63.75,8.26,5.77,8.91,7.27,5.75,88.27,1.95,Medium
EMP01299,46,6,87.37,4,48,63,84.43,6.53,6.44,7.96,8.95,8.63,66.06,4.25,Medium
EMP01300,30,15,80.91,0,56,33,74.89,7.57,6.48,7.99,5.4,7.97,87.9,4.5,Medium
EMP01301,25,3,86.0,0,39,52,97.99,7.66,8.12,6.18,8.03,5.11,98.26,8.36,Medium
EMP01302,35,11,90.62,3,30,67,80.53,7.96,8.94,8.35,7.05,8.81,82.52,8.87,Medium
EMP01303,58,6,88.16,8,69,19,62.89,9.12,9.98,5.72,8.27,9.16,61.95,7.47,Medium
EMP01304,55,3,85.48,8,69,71,85.44,6.49,5.48,6.38,9.11,8.87,84.51,9.47,Medium
EMP01305,32,24,82.63,0,58,20,91.17,6.28,9.69,5.9,7.71,5.88,92.23,5.97,Medium
EMP01306,24,11,96.38,2,61,49,66.42,8.98,7.81,9.75,6.52,7.51,70.19,7.91,Low
EMP01307,49,15,99.92,3,42,30,77.96,8.59,6.78,9.49,5.45,7.64,81.1,4.95,Medium
EMP01308,50,13,86.59,1,71,45,89.73,6.13,6.42,9.37,6.44,9.67,62.63,6.73,Low
EMP01309,30,20,87.63,6,65,32,60.82,5.0,6.05,9.8,6.82,9.63,72.73,2.55,Low
EMP01310,24,28,92.36,2,39,28,61.16,8.33,7.79,8.06,8.21,5.31,58.29,7.72,Low
EMP01311,46,10,94.37,0,39,39,87.08,5.79,9.73,9.47,6.94,10.0,91.78,3.25,Medium
EMP01312,55,6,87.84,0,30,29,89.01,9.78,5.91,6.46,7.01,8.93,54.84,6.07,Medium
EMP01313,33,15,98.1,2,21,40,93.83,8.02,7.18,6.92,6.45,6.88,52.79,8.32,Low
EMP01314,30,25,91.2,5,32,50,75.98,9.25,6.02,7.33,6.81,8.72,76.72,5.71,Medium
EMP01315,36,18,89.01,3,32,25,75.59,9.03,5.88,5.45,6.33,6.88,79.12,3.45,Medium
EMP01316,46,18,92.93,0,60,51,82.09,7.79,9.33,9.12,8.67,9.68,95.91,8.33,Medium
EMP01317,26,7,99.06,6,68,55,90.29,7.19,6.31,5.6,9.91,6.89,60.16,10.38,Medium
EMP01318,32,15,95.89,1,34,51,85.64,7.48,6.24,9.0,8.67,8.83,88.9,6.5,Medium
EMP01319,55,18,80.8,4,75,21,73.09,9.01,9.55,9.61,5.37,5.78,82.2,7.13,Low
EMP01320,45,18,86.65,7,73,32,73.86,8.2,6.93,7.84,8.16,9.26,87.08,5.3,Medium
EMP01321,36,20,89.41,6,50,64,90.52,6.03,5.04,5.83,8.51,8.1,57.87,7.42,Medium
EMP01322,59,9,86.29,7,77,34,81.39,8.05,8.61,7.18,8.89,9.04,72.32,6.45,Medium
EMP01323,29,24,94.0,9,42,70,63.92,7.02,7.59,5.69,8.81,7.09,67.8,9.21,Low
EMP01324,26,2,96.53,5,79,16,66.12,5.31,8.87,5.6,7.54,6.73,84.98,3.64,Medium
EMP01325,47,8,94.63,6,72,40,94.05,6.91,7.85,8.78,6.31,7.66,79.68,6.35,Medium
EMP01326,39,20,99.79,8,41,37,99.95,6.14,6.76,6.97,5.6,6.94,98.38,4.48,Medium
EMP01327,27,2,85.45,5,73,46,73.43,9.19,5.33,5.0,5.04,7.57,56.94,2.04,Low
EMP01328,58,11,97.5,8,35,27,75.47,5.52,9.33,5.24,5.01,7.15,73.68,5.25,Low
EMP01329,34,26,95.33,1,76,27,66.18,6.8,6.04,9.09,9.68,5.98,84.69,11.48,Medium
EMP01330,49,7,87.24,1,61,31,69.43,8.48,9.86,8.1,8.04,9.88,68.44,6.07,Medium
EMP01331,26,6,94.68,1,48,39,76.99,9.49,6.23,9.22,7.87,5.08,96.16,7.0,Medium
EMP01332,34,10,82.08,5,39,72,71.38,6.68,9.14,6.37,6.88,9.63,92.63,9.16,Medium
EMP01333,38,5,95.79,1,47,36,88.06,8.03,8.94,6.57,8.99,9.14,93.65,11.83,Medium
EMP01334,53,11,90.65,2,46,41,81.51,6.87,7.31,8.08,6.1,7.1,80.45,5.53,Low
EMP01335,50,1,85.85,7,63,31,92.89,6.01,7.01,8.33,8.69,6.61,73.58,6.69,Medium
EMP01336,24,2,93.12,7,48,40,88.98,6.63,8.52,5.13,6.81,5.82,68.4,11.65,Low
EMP01337,55,24,92.83,3,24,52,65.12,8.18,7.64,9.54,8.54,5.67,55.98,5.72,Low
EMP01338,48,1,84.19,8,71,28,64.94,8.58,8.16,9.0,8.53,7.75,97.41,9.69,Medium
EMP01339,34,19,80.61,7,68,67,95.83,6.85,7.35,5.66,6.58,5.53,63.18,5.88,Low
EMP01340,54,2,88.67,0,61,28,92.78,5.76,7.79,5.05,9.67,7.38,90.1,3.5,Medium
EMP01341,27,21,91.39,7,57,26,78.72,5.7,5.95,8.85,7.54,9.07,50.59,11.3,Low
EMP01342,45,20,97.53,0,72,19,65.21,9.06,5.28,9.51,6.29,8.79,69.07,8.83,Low
EMP01343,40,29,98.56,3,71,51,95.94,8.27,6.78,6.61,8.37,5.66,78.56,10.5,Medium
EMP01344,37,23,90.58,9,57,18,69.23,8.64,7.33,6.6,8.75,9.81,65.72,2.28,Medium
EMP01345,49,21,95.08,5,63,69,61.42,7.44,9.53,7.57,9.75,6.43,59.69,8.75,Low
EMP01346,54,24,88.79,6,72,43,96.97,7.29,7.07,8.37,5.37,8.53,53.57,8.04,Low
EMP01347,34,4,94.92,9,70,39,92.36,6.06,7.17,8.24,7.7,6.5,99.46,6.32,Medium
EMP01348,46,12,84.1,3,21,59,87.74,5.84,8.37,8.76,7.45,8.09,94.32,2.56,Medium
EMP01349,57,22,87.42,7,64,18,61.36,5.77,6.03,5.57,6.55,7.86,65.62,5.56,Low
EMP01350,48,20,92.68,7,73,64,81.14,9.96,9.36,7.6,8.84,5.89,50.79,7.79,Low
EMP01351,59,18,80.36,8,39,30,86.15,9.1,7.14,7.53,5.97,8.26,77.03,8.45,Medium
EMP01352,28,1,94.45,5,62,64,90.37,8.13,9.65,9.75,6.64,6.63,66.07,2.29,Medium
EMP01353,26,1,96.71,3,66,16,78.84,6.07,6.36,9.59,8.83,8.06,55.79,5.88,Low
EMP01354,52,24,87.98,1,32,37,98.13,6.69,7.33,8.75,7.39,7.71,89.52,5.68,Medium
EMP01355,44,14,88.96,6,45,18,69.79,6.75,8.89,9.38,5.68,9.21,66.91,9.65,Low
EMP01356,31,4,97.03,9,54,34,62.79,7.39,7.78,8.73,9.47,6.07,98.64,1.45,Medium
EMP01357,53,5,95.51,2,65,31,73.31,7.11,8.31,8.6,8.65,5.76,85.31,9.64,Medium
EMP01358,51,11,85.76,2,27,66,86.47,9.67,6.4,6.08,7.81,9.27,91.99,9.62,Medium
EMP01359,52,24,86.48,2,47,20,89.49,8.6,6.64,8.09,8.05,7.22,81.09,8.67,Medium
EMP01360,39,28,93.58,3,60,32,89.54,5.41,7.54,9.58,8.13,8.91,78.09,10.9,Medium
EMP01361,57,23,91.26,1,34,34,64.43,6.8,6.01,8.75,7.5,9.8,71.4,6.12,Medium
EMP01362,23,13,83.24,4,74,73,95.4,5.66,5.63,8.02,8.72,7.72,54.16,2.06,Medium
EMP01363,35,16,86.2,2,69,53,71.23,6.4,9.22,6.29,8.58,6.5,86.87,4.65,Medium
EMP01364,34,24,98.0,9,27,59,68.4,9.79,8.87,8.39,5.01,8.97,66.99,7.72,Low
EMP01365,50,13,93.76,4,30,55,84.58,8.53,9.66,6.74,5.55,9.65,59.83,4.55,Low
EMP01366,33,24,99.72,6,48,48,68.47,5.04,7.93,5.33,5.13,6.23,55.72,7.96,Low
EMP01367,23,22,95.34,8,78,54,80.32,6.64,7.1,6.2,5.84,8.44,53.92,1.48,Low
EMP01368,53,26,98.84,1,24,60,76.28,7.19,5.52,6.95,5.36,8.9,73.77,1.77,Medium
EMP01369,34,2,84.32,8,66,68,69.28,8.01,9.25,9.98,5.97,5.13,91.85,1.12,Low
EMP01370,48,16,95.43,9,66,38,71.68,7.5,7.28,8.8,7.69,7.96,56.44,11.74,Low
EMP01371,38,6,80.4,5,78,32,77.1,5.35,7.81,6.4,8.35,8.17,75.74,3.88,Medium
EMP01372,52,14,93.42,5,77,44,73.85,7.58,6.57,8.81,9.59,8.18,68.96,9.75,Medium
EMP01373,55,1,89.39,2,26,73,75.26,5.65,7.62,6.79,8.7,5.42,77.0,10.76,Low
EMP01374,45,17,86.94,9,72,15,89.42,7.6,8.91,8.04,5.16,5.11,52.9,2.73,Low
EMP01375,56,11,97.25,8,37,37,66.74,6.23,8.56,8.82,7.34,6.47,76.76,3.19,Low
EMP01376,27,19,97.09,3,47,43,85.1,5.72,9.94,8.7,8.38,6.79,77.5,5.21,Medium
EMP01377,40,3,80.45,4,31,55,87.13,6.44,7.48,5.7,6.58,5.72,93.5,6.54,Medium
EMP01378,51,11,92.19,2,31,55,92.08,5.5,7.65,9.13,6.84,7.55,59.98,6.88,Low
EMP01379,28,29,87.36,4,55,46,93.89,6.42,5.26,9.61,9.01,6.14,90.74,5.24,Medium
EMP01380,31,5,88.31,7,48,16,66.35,9.33,6.95,6.17,5.24,6.69,87.57,7.45,Low
EMP01381,53,17,96.64,7,30,62,65.53,6.54,9.61,6.65,7.7,6.46,95.72,9.1,Medium
EMP01382,55,26,86.2,7,72,50,84.59,7.35,6.75,9.69,9.02,8.86,95.65,8.7,Medium
EMP01383,49,22,98.86,5,25,59,90.28,7.6,8.83,9.92,8.99,9.39,88.31,1.33,Medium
EMP01384,36,7,83.59,0,40,31,70.89,5.89,9.89,7.27,5.6,6.49,96.26,7.53,Low
EMP01385,51,10,93.25,9,29,57,81.03,7.21,5.63,5.17,9.22,6.88,62.95,8.84,Medium
EMP01386,58,28,93.44,5,78,69,90.89,9.26,6.67,9.66,5.39,9.08,57.78,3.21,Medium
EMP01387,50,29,85.04,9,51,16,90.7,5.4,7.37,5.13,9.62,8.8,64.02,7.64,Medium
EMP01388,43,11,86.5,6,66,18,86.15,9.61,6.19,6.65,6.08,8.54,91.99,2.22,Medium
EMP01389,25,3,96.7,8,52,58,63.15,9.36,5.06,5.45,5.58,8.54,65.68,8.31,Low
EMP01390,41,20,95.24,7,36,48,62.03,9.28,7.34,7.56,5.37,6.49,90.93,7.82,Low
EMP01391,53,10,86.58,7,22,15,75.54,5.99,7.68,5.19,6.72,9.68,68.6,3.65,Medium
EMP01392,57,27,90.68,6,76,37,61.07,7.42,8.13,6.13,6.74,9.05,89.98,10.63,Medium
EMP01393,25,10,81.23,1,62,20,96.17,8.08,9.14,7.29,7.63,6.06,92.36,9.87,Medium
EMP01394,48,14,84.17,0,37,30,60.81,5.5,6.27,5.37,8.66,8.31,83.89,9.13,Medium
EMP01395,38,12,89.72,1,29,16,61.18,7.78,5.31,7.4,7.55,5.77,98.98,6.06,Medium
EMP01396,33,15,81.72,5,72,60,66.61,9.2,5.45,6.33,9.89,7.89,86.52,3.5,Medium
EMP01397,43,10,96.87,1,60,66,85.08,9.68,7.49,6.33,6.05,6.45,62.26,9.6,Low
EMP01398,38,10,94.36,9,58,26,81.66,6.39,9.61,9.69,6.05,5.53,99.22,3.36,Medium
EMP01399,31,26,98.87,3,62,41,86.38,6.44,9.91,8.45,8.52,8.02,84.19,6.36,Medium
EMP01400,22,19,93.87,9,27,33,95.74,6.35,6.03,9.65,6.57,9.42,71.79,5.17,Medium
EMP01401,43,1,98.81,2,53,42,78.2,5.77,5.76,7.88,5.86,5.7,74.6,3.22,Low
EMP01402,47,24,91.09,5,56,49,61.76,7.15,6.77,9.54,8.96,9.5,88.31,7.76,Medium
EMP01403,39,29,92.0,7,60,65,90.54,8.92,7.32,9.19,6.13,5.64,87.66,11.8,Medium
EMP01404,35,26,99.54,5,52,57,92.48,8.56,9.04,9.99,8.74,8.71,92.06,6.24,Medium
EMP01405,50,10,92.84,1,68,18,62.0,9.5,8.87,7.52,6.03,9.95,62.04,6.49,Low
EMP01406,33,2,80.62,4,29,63,69.71,6.78,9.61,8.48,9.7,5.47,97.4,5.1,Medium
EMP01407,57,17,94.48,5,59,63,90.82,7.86,9.29,5.8,6.48,6.06,63.08,3.51,Low
EMP01408,56,24,98.11,8,37,21,75.05,8.83,7.19,9.7,8.75,7.32,74.02,4.11,Medium
EMP01409,33,7,95.91,5,44,51,78.91,9.49,5.1,6.99,9.21,8.69,60.57,10.63,Medium
EMP01410,28,7,91.68,9,61,65,92.93,9.36,6.18,9.58,5.61,9.49,71.71,11.43,Medium
EMP01411,50,20,93.43,4,60,39,63.78,7.33,8.05,5.5,5.34,8.65,82.49,10.09,Low
EMP01412,32,27,99.8,0,55,67,87.09,9.53,7.51,7.58,7.99,8.86,74.59,1.29,Medium
EMP01413,54,9,81.81,9,21,72,68.6,7.22,6.2,5.01,8.1,7.26,62.43,7.69,Low
EMP01414,27,22,93.34,4,38,65,62.51,9.51,5.66,7.08,8.11,6.78,69.35,7.04,Medium
EMP01415,36,2,85.67,4,29,55,86.5,8.88,6.08,5.42,7.28,7.54,79.72,9.52,Medium
EMP01416,53,14,92.8,5,68,31,64.86,6.11,6.3,7.25,9.67,8.25,94.89,9.59,Medium
EMP01417,32,17,92.15,6,22,55,89.88,9.65,9.34,7.78,8.46,7.51,71.19,5.82,Medium
EMP01418,44,1,83.07,3,72,28,68.11,6.21,8.55,9.26,5.37,8.95,78.74,4.16,Low
EMP01419,47,9,84.13,6,38,51,61.94,9.54,7.76,6.48,8.93,5.79,95.54,2.07,Medium
EMP01420,55,20,92.43,4,70,68,63.97,8.08,5.1,7.83,6.38,6.98,92.05,7.72,Medium
EMP01421,55,21,82.56,5,45,16,93.65,8.34,9.11,5.33,8.62,5.33,59.27,4.01,Low
EMP01422,50,19,85.3,3,73,38,74.84,5.55,7.76,9.57,5.3,8.36,68.09,11.61,Low
EMP01423,25,4,96.7,7,70,29,72.09,5.33,8.14,7.26,8.83,8.79,89.44,1.51,Medium
EMP01424,38,28,86.54,8,70,62,79.65,9.84,5.33,6.26,7.71,8.34,86.55,11.61,Medium
EMP01425,56,8,89.76,1,66,65,85.32,6.68,9.07,7.32,8.6,9.78,88.36,6.45,Medium
EMP01426,34,13,98.82,3,44,47,61.48,9.22,9.16,7.41,7.47,9.66,57.97,7.67,Medium
EMP01427,36,4,84.54,7,69,69,95.93,8.52,9.42,8.72,9.01,6.35,73.0,7.42,Medium
EMP01428,50,9,87.79,7,36,26,98.34,8.02,7.64,9.87,9.74,6.22,84.76,9.28,Medium
EMP01429,50,9,92.13,8,29,33,76.69,8.43,6.97,5.93,8.71,5.13,70.29,2.0,Medium
EMP01430,32,22,95.11,2,75,66,76.51,5.45,5.37,5.27,8.72,7.51,78.22,10.77,Medium
EMP01431,53,18,98.03,0,65,61,95.14,7.06,5.97,8.28,6.08,9.31,87.98,9.7,Medium
EMP01432,23,12,98.31,8,70,19,77.17,8.04,6.13,9.42,6.77,5.79,75.18,10.35,Low
EMP01433,35,10,95.53,0,74,15,94.25,9.34,5.31,7.83,5.63,7.97,80.51,6.34,Medium
EMP01434,41,11,84.57,2,69,57,61.13,8.57,5.77,5.4,7.66,8.6,67.16,8.68,Low
EMP01435,43,7,80.5,2,30,73,79.59,6.26,9.43,7.11,7.23,6.84,68.25,6.03,Low
EMP01436,32,9,87.68,8,30,23,98.1,9.92,7.73,8.27,6.47,8.51,59.38,2.43,Medium
EMP01437,48,6,82.83,0,31,53,70.11,8.22,8.82,6.64,5.35,9.19,99.59,4.32,Medium
EMP01438,24,19,94.21,6,59,48,70.65,7.51,6.38,9.22,9.66,5.05,80.35,4.06,Medium
EMP01439,38,16,93.22,1,67,43,85.2,8.91,5.67,6.12,8.03,8.68,59.72,2.83,Medium
EMP01440,49,15,80.88,6,76,63,97.05,8.01,6.87,6.82,6.62,8.0,58.22,3.65,Low
EMP01441,50,7,96.73,0,75,62,67.95,8.55,8.96,9.58,6.74,9.22,61.43,6.48,Low
EMP01442,42,16,84.97,9,27,62,96.87,8.09,6.49,7.87,6.98,5.69,85.89,5.64,Medium
EMP01443,37,5,88.64,9,43,60,86.52,5.89,6.02,5.03,9.06,9.04,74.94,4.62,Medium
EMP01444,58,16,93.36,7,33,73,99.72,7.72,5.11,6.22,6.05,5.71,76.78,10.97,Low
EMP01445,41,1,88.59,9,42,16,89.46,6.42,8.12,8.77,9.28,7.92,84.8,9.57,Medium
EMP01446,27,19,88.83,9,69,33,86.71,7.85,7.18,5.26,6.56,6.35,86.45,1.03,Medium
EMP01447,40,5,81.31,1,75,42,92.6,5.63,6.29,9.97,9.36,6.2,87.33,7.27,Medium
EMP01448,26,7,88.03,2,72,49,67.01,6.16,7.6,9.49,9.48,7.49,53.99,8.7,Low
EMP01449,24,19,95.3,7,73,54,97.84,9.04,8.5,6.12,8.48,8.79,91.62,1.59,High
EMP01450,22,22,98.3,2,55,67,66.62,7.03,6.24,9.48,9.47,8.23,58.72,2.25,Medium
EMP01451,59,5,88.27,0,36,71,61.03,8.37,8.04,8.5,8.74,9.94,81.74,4.06,Medium
EMP01452,36,29,88.47,8,64,65,87.91,7.49,6.3,7.13,5.72,5.6,61.27,7.75,Low
EMP01453,55,17,94.05,7,24,62,67.38,6.7,9.93,5.98,9.78,8.61,91.31,11.15,Medium
EMP01454,56,26,98.86,3,22,36,90.35,7.48,8.66,6.0,5.95,5.28,88.26,6.34,Medium
EMP01455,46,22,85.34,7,28,18,91.8,9.07,8.01,7.97,7.47,6.79,58.76,11.81,Low
EMP01456,45,8,88.8,4,39,22,69.47,6.41,5.86,7.08,6.92,6.72,77.51,11.3,Low
EMP01457,33,29,95.92,2,77,74,63.47,7.11,7.93,7.98,6.74,6.28,86.08,8.01,Low
EMP01458,39,29,92.19,0,69,15,80.03,6.01,9.0,6.65,8.92,7.66,58.46,6.04,Low
EMP01459,36,1,82.21,9,39,50,95.61,6.76,8.69,6.15,6.45,6.22,57.32,8.5,Low
EMP01460,37,2,92.55,4,70,21,93.89,9.43,8.89,9.18,7.69,6.84,68.79,9.7,Medium
EMP01461,48,15,83.73,5,38,39,64.68,8.93,6.59,9.6,6.68,9.3,95.93,11.37,Medium
EMP01462,29,20,90.2,3,40,43,98.59,6.87,6.64,8.53,9.47,6.62,53.39,9.29,Medium
EMP01463,46,28,90.58,6,35,15,70.56,5.66,7.69,5.81,5.78,9.93,67.94,5.31,Low
EMP01464,38,18,97.52,2,52,70,73.98,7.1,6.39,5.46,5.88,6.38,90.32,6.43,Medium
EMP01465,50,11,89.25,6,24,32,65.96,8.86,5.57,7.7,5.56,9.52,67.21,1.52,Low
EMP01466,29,25,85.59,0,43,18,75.11,5.22,7.31,7.75,8.79,7.16,52.75,1.32,Low
EMP01467,36,10,84.62,6,34,34,85.43,8.73,5.01,8.2,5.81,9.54,81.63,4.1,Medium
EMP01468,48,24,97.49,0,45,60,80.24,8.4,8.8,9.53,7.67,7.13,97.89,9.87,Medium
EMP01469,28,24,83.42,0,63,22,93.1,5.32,8.75,8.23,8.83,8.85,78.98,4.51,Medium
EMP01470,24,4,88.52,1,44,41,85.65,8.18,7.76,9.58,5.58,7.0,90.72,2.29,Medium
EMP01471,50,5,83.74,1,47,64,70.54,6.49,8.74,5.59,9.65,8.1,50.71,4.92,Low
EMP01472,45,4,95.47,3,52,53,82.3,5.89,8.12,8.55,6.42,5.26,83.03,4.36,Low
EMP01473,24,13,89.49,0,65,49,62.57,6.92,8.49,9.64,8.96,8.0,57.55,11.88,Low
EMP01474,41,25,87.02,3,37,39,83.23,6.03,5.32,7.31,8.97,6.58,84.93,11.68,Medium
EMP01475,36,13,87.22,1,37,67,75.59,9.12,9.41,9.84,6.74,9.98,78.51,9.11,Medium
EMP01476,46,18,97.04,3,57,28,63.94,8.71,8.22,7.76,7.75,9.05,61.08,10.12,Low
EMP01477,51,29,91.08,3,52,58,72.3,9.9,8.05,9.71,8.15,5.4,79.25,3.79,Medium
EMP01478,35,27,94.36,8,46,61,95.92,7.67,6.94,8.74,7.08,5.99,83.81,6.91,Medium
EMP01479,28,24,97.94,8,68,54,83.44,5.45,5.14,7.29,6.79,8.08,95.11,11.98,Medium
EMP01480,38,2,98.03,0,69,45,96.13,6.84,9.51,5.17,9.26,6.5,94.44,4.56,Medium
EMP01481,41,16,86.57,4,34,19,76.43,9.19,9.93,8.29,6.01,6.06,96.82,11.85,Medium
EMP01482,57,1,99.05,6,63,31,99.16,6.98,9.04,6.27,8.97,6.78,92.06,3.07,Medium
EMP01483,30,26,80.5,3,32,71,74.4,7.28,9.58,6.44,6.02,5.53,77.04,7.82,Low
EMP01484,59,19,87.54,4,71,24,90.27,7.06,5.6,5.1,8.5,7.77,92.46,9.6,Medium
EMP01485,43,9,97.92,1,53,57,72.22,6.18,5.64,7.79,6.44,6.42,86.11,7.52,Low
EMP01486,23,28,85.49,2,23,74,64.24,5.37,9.4,6.45,9.64,9.34,86.9,4.4,Medium
EMP01487,45,3,85.46,6,54,69,93.32,5.9,5.29,9.91,8.03,5.16,57.73,9.95,Low
EMP01488,29,25,86.05,9,38,30,90.5,6.82,5.47,8.75,7.67,6.75,58.98,3.22,Low
EMP01489,32,7,92.25,6,50,62,92.83,6.23,9.08,6.79,6.48,7.75,59.01,5.73,Low
EMP01490,34,29,88.77,3,44,18,71.99,7.86,7.78,6.47,7.54,6.18,60.46,4.08,Low
EMP01491,38,10,94.53,0,59,69,88.15,8.07,6.96,8.57,5.33,5.29,70.9,6.45,Low
EMP01492,29,1,97.9,0,31,19,68.8,7.85,7.77,6.27,5.72,5.36,65.77,5.26,Low
EMP01493,42,10,93.48,3,31,56,60.45,5.42,9.39,7.24,6.48,5.8,52.45,2.97,Low
EMP01494,39,21,84.09,3,61,60,94.66,8.33,8.79,5.8,9.75,6.36,86.2,9.16,Medium
EMP01495,51,9,98.65,5,44,55,80.94,6.92,8.46,6.27,7.34,8.53,70.16,2.94,Medium
EMP01496,39,28,85.29,6,52,64,99.35,9.39,9.88,5.49,7.0,7.37,53.9,7.0,Low
EMP01497,52,15,83.0,8,79,34,75.4,7.63,7.61,7.14,8.86,5.16,89.45,9.85,Medium
EMP01498,59,15,81.8,8,56,20,98.27,5.42,5.03,9.63,8.47,5.78,50.98,6.32,Low
EMP01499,53,3,91.27,9,47,25,84.6,5.05,7.15,5.5,8.32,6.84,77.99,10.76,Medium
EMP01500,32,25,82.28,4,79,67,80.49,8.51,5.48,7.19,8.03,7.1,87.86,5.72,Medium
EMP01501,46,5,82.78,9,71,31,72.11,7.0,5.58,6.49,5.65,5.32,68.63,11.68,Low
EMP01502,54,9,86.0,2,62,55,93.01,6.44,6.27,6.81,6.95,5.61,78.7,1.27,Medium
EMP01503,59,26,85.63,2,28,71,93.15,7.24,6.91,8.86,9.51,6.31,52.53,9.7,Low
EMP01504,29,22,92.08,5,33,17,76.68,5.36,7.41,7.18,9.8,9.18,61.85,8.79,Medium
EMP01505,32,9,96.33,0,22,30,89.09,6.96,5.85,8.25,7.16,6.05,83.18,7.72,Medium
EMP01506,43,23,95.23,6,24,66,77.89,6.57,6.56,9.86,5.01,6.13,89.52,4.26,Low
EMP01507,45,7,85.25,2,75,50,89.59,9.0,6.38,8.08,7.5,7.47,55.72,7.72,Low
EMP01508,38,24,84.91,4,45,40,99.77,5.87,6.83,6.69,6.14,9.46,98.31,7.54,Medium
EMP01509,33,23,99.32,6,72,38,70.5,8.78,5.54,6.99,5.94,7.64,69.73,2.64,Low
EMP01510,53,12,80.16,6,60,68,85.36,7.5,6.99,8.48,6.42,5.4,96.23,10.68,Medium
EMP01511,36,25,97.59,8,37,61,75.2,5.41,7.77,8.47,5.61,5.93,76.98,6.88,Low
EMP01512,37,27,83.99,0,57,48,81.93,9.85,5.48,6.84,5.23,9.28,82.2,1.98,Medium
EMP01513,43,9,98.95,2,40,34,94.97,8.67,7.6,8.62,7.22,9.38,58.8,5.31,Medium
EMP01514,49,6,86.85,8,76,31,73.9,6.3,8.78,7.75,6.31,8.98,94.24,3.38,Medium
EMP01515,41,23,88.81,7,58,65,62.9,7.91,5.04,9.9,6.28,7.71,54.37,2.85,Low
EMP01516,54,2,94.14,1,35,34,91.96,9.5,5.24,9.54,6.11,7.2,99.37,11.41,Medium
EMP01517,31,9,91.75,7,59,30,82.2,9.65,7.33,9.12,7.48,6.34,69.6,8.42,Medium
EMP01518,53,28,86.36,7,42,70,77.98,8.66,9.36,5.17,8.67,7.74,58.22,4.32,Medium
EMP01519,54,29,91.08,1,48,65,67.33,8.64,9.99,6.9,8.28,8.41,80.29,8.46,Medium
EMP01520,23,17,94.61,7,29,67,63.71,6.39,5.47,7.87,9.88,8.0,93.29,9.83,Medium
EMP01521,54,1,80.85,2,77,63,71.15,9.95,5.09,7.61,9.57,6.13,69.85,4.49,Medium
EMP01522,54,19,80.22,6,24,18,88.76,6.22,6.14,8.82,7.09,9.52,50.43,11.83,Low
EMP01523,34,28,89.16,8,30,32,76.47,5.45,7.34,9.55,9.06,6.95,93.61,10.7,Medium
EMP01524,51,6,82.64,3,48,50,82.81,9.89,7.86,8.94,5.92,9.42,79.07,9.77,Medium
EMP01525,54,5,93.29,5,72,67,63.28,5.76,9.87,6.1,6.06,6.99,54.64,8.87,Low
EMP01526,34,2,84.28,8,64,49,64.93,7.61,9.44,7.43,8.5,5.19,95.3,1.43,Medium
EMP01527,47,9,88.66,4,46,44,60.45,7.34,7.81,6.97,6.08,8.69,88.66,1.25,Medium
EMP01528,43,29,83.95,0,71,68,86.93,9.24,6.81,8.83,7.26,9.6,76.63,2.81,Medium
EMP01529,23,26,90.97,2,53,74,70.58,6.98,6.61,9.48,6.61,6.27,72.34,11.09,Low
EMP01530,59,14,82.32,8,33,32,98.68,7.51,7.86,6.43,6.16,7.71,85.3,3.39,Medium
EMP01531,47,4,80.46,2,60,35,72.34,5.22,8.61,7.44,5.77,9.04,68.11,8.71,Low
EMP01532,36,4,81.02,9,61,66,74.54,6.04,7.41,8.66,8.06,6.61,82.74,11.78,Low
EMP01533,55,21,99.09,1,29,46,78.78,9.16,6.52,5.25,5.28,6.43,57.55,11.31,Low
EMP01534,32,15,82.85,3,79,19,72.77,7.39,8.07,9.82,8.51,7.06,57.12,5.4,Low
EMP01535,24,8,94.17,4,61,55,92.7,6.15,7.79,9.0,9.47,7.75,65.55,8.49,Medium
EMP01536,27,26,81.36,6,77,68,95.05,6.84,7.14,7.71,6.72,7.76,94.29,9.35,Medium
EMP01537,30,4,82.16,6,70,37,60.44,6.43,8.74,8.89,7.07,7.43,92.52,7.04,Medium
EMP01538,27,16,90.18,8,30,44,86.19,7.78,6.41,9.18,7.95,9.1,74.61,6.75,Medium
EMP01539,30,21,89.3,7,30,41,87.44,5.26,7.42,7.47,8.33,5.76,79.27,3.46,Medium
EMP01540,52,28,99.03,1,54,70,98.46,6.12,9.7,7.2,7.72,5.43,81.38,8.43,Medium
EMP01541,53,4,98.9,7,38,29,74.82,6.77,8.61,9.19,8.45,5.84,68.66,4.23,Low
EMP01542,33,16,95.59,7,43,55,67.81,9.64,6.94,9.3,9.04,8.52,85.07,4.39,Medium
EMP01543,29,22,92.04,4,73,28,80.82,8.12,7.73,5.62,9.95,5.73,80.41,3.92,Medium
EMP01544,29,12,89.1,2,20,35,77.9,7.52,7.03,9.54,6.96,6.61,67.72,1.72,Low
EMP01545,49,16,87.12,8,31,70,91.67,5.95,5.56,6.38,7.92,9.4,64.19,10.28,Medium
EMP01546,41,19,98.94,6,66,48,96.16,7.79,6.67,8.34,6.88,5.7,99.04,10.49,Medium
EMP01547,28,8,92.06,0,33,40,63.47,9.65,9.3,8.55,6.19,7.64,64.21,8.96,Low
EMP01548,32,6,91.58,7,22,39,93.86,7.83,7.31,6.4,9.99,7.53,58.7,11.21,Medium
EMP01549,41,10,84.64,9,71,64,96.36,5.82,7.92,6.52,5.07,5.17,91.73,7.94,Low
EMP01550,37,5,80.93,4,64,59,96.97,9.99,5.91,8.53,5.32,5.58,90.54,8.04,Medium
EMP01551,25,29,98.9,5,69,45,90.57,7.49,6.78,5.88,7.92,9.75,61.94,10.76,Medium
EMP01552,27,18,86.27,8,51,74,89.68,6.6,9.65,9.29,8.55,9.81,92.43,3.29,Medium
EMP01553,43,10,88.85,9,35,67,60.6,7.52,6.57,6.11,8.64,9.37,95.58,5.79,Medium
EMP01554,47,10,82.29,7,57,62,96.81,6.32,6.25,6.76,8.52,7.16,66.59,8.75,Medium
EMP01555,24,7,96.74,2,29,20,74.06,5.15,5.28,6.33,8.94,7.96,66.43,3.96,Medium
EMP01556,35,18,80.55,4,79,62,61.64,9.45,5.49,6.23,8.72,9.12,56.55,3.51,Medium
EMP01557,32,1,96.68,3,36,18,76.52,7.14,7.92,9.89,7.73,8.38,80.54,10.88,Medium
EMP01558,39,7,82.81,0,68,38,89.31,8.76,8.3,6.27,7.35,9.48,84.7,11.96,Medium
EMP01559,33,21,97.73,4,59,56,77.68,9.86,8.21,7.89,8.6,6.58,53.67,5.25,Medium
EMP01560,44,1,94.6,9,23,45,90.32,8.16,7.7,8.73,8.66,8.12,60.45,3.6,Medium
EMP01561,33,15,83.29,6,34,33,80.38,8.46,7.45,5.21,6.66,7.84,63.52,5.45,Low
EMP01562,34,4,91.32,0,52,25,71.98,9.72,5.36,9.41,5.01,9.92,72.3,4.34,Medium
EMP01563,46,28,86.25,3,58,43,68.12,7.58,9.2,5.76,6.57,9.39,91.18,10.04,Medium
EMP01564,40,29,83.56,5,76,19,76.84,6.6,7.57,7.94,7.67,5.83,61.21,10.91,Low
EMP01565,57,20,97.18,8,29,32,61.43,9.61,5.66,8.21,7.63,5.29,90.38,5.3,Medium
EMP01566,29,10,88.07,7,26,17,76.9,5.34,5.68,8.15,6.9,7.23,94.49,7.6,Medium
EMP01567,50,23,87.97,1,52,54,62.74,6.07,7.56,8.67,9.66,7.73,60.03,1.87,Low
EMP01568,53,9,83.4,2,36,25,95.08,6.71,6.22,9.66,7.38,8.95,99.64,6.08,Medium
EMP01569,39,2,87.66,9,31,35,83.02,8.91,9.61,9.63,5.7,5.8,75.84,1.08,Low
EMP01570,27,28,97.43,4,36,44,85.84,9.52,7.49,7.89,5.97,9.6,77.59,8.38,Medium
EMP01571,39,14,87.26,6,66,33,71.55,7.26,9.89,6.85,5.47,7.86,80.8,2.94,Low
EMP01572,40,16,99.03,2,75,67,69.03,6.43,8.67,6.61,6.34,9.21,90.14,10.66,Medium
EMP01573,43,1,98.93,6,35,39,88.32,6.77,9.05,9.43,6.52,9.18,82.66,7.93,Medium
EMP01574,58,2,82.9,4,74,49,86.86,8.28,6.94,9.27,6.67,9.76,86.74,11.21,Medium
EMP01575,53,7,83.55,9,33,26,64.91,5.79,5.67,6.48,9.18,8.29,71.99,11.32,Low
EMP01576,24,29,97.25,5,22,61,69.55,7.74,8.45,5.76,8.83,8.92,79.5,2.86,Medium
EMP01577,49,10,87.86,5,70,40,97.86,7.94,7.04,9.31,7.48,9.1,62.35,6.64,Medium
EMP01578,31,22,80.09,3,63,69,72.17,8.54,9.74,8.04,7.22,7.34,68.16,3.15,Low
EMP01579,56,20,85.48,7,70,70,61.03,8.02,5.97,6.57,6.89,7.16,81.58,5.98,Low
EMP01580,50,1,91.95,8,69,62,62.55,5.48,8.13,8.05,5.07,9.73,52.05,5.95,Low
EMP01581,36,13,95.99,1,49,19,91.02,8.44,9.33,5.33,9.6,5.33,78.93,9.09,Medium
EMP01582,54,1,82.67,8,65,33,90.29,5.11,7.01,5.95,6.46,9.76,77.54,11.74,Medium
EMP01583,28,5,82.21,3,71,41,75.27,6.95,9.77,7.73,9.21,7.89,59.33,7.92,Low
EMP01584,33,16,98.44,5,74,52,66.13,7.09,5.38,7.7,8.7,6.47,96.67,9.98,Medium
EMP01585,51,15,95.02,6,60,43,79.92,5.58,7.93,6.23,5.57,7.79,54.18,5.44,Low
EMP01586,42,17,91.8,3,54,26,73.28,5.05,8.89,9.91,6.57,8.19,52.58,1.8,Low
EMP01587,52,28,95.38,7,45,33,74.96,5.36,6.01,7.06,7.42,5.55,93.06,6.66,Medium
EMP01588,45,23,88.58,9,74,23,70.44,7.23,5.29,8.54,6.31,8.35,92.02,10.94,Medium
EMP01589,41,16,95.17,7,31,32,62.51,6.2,5.4,6.29,7.01,9.51,69.81,3.64,Low
EMP01590,58,13,87.44,0,50,43,91.65,5.34,6.6,7.12,6.41,9.86,98.77,3.89,Medium
EMP01591,25,11,84.88,7,71,17,84.73,6.28,6.12,9.16,8.18,8.0,98.77,2.15,Medium
EMP01592,49,17,94.58,9,36,37,93.39,7.64,6.12,9.24,6.8,6.64,56.25,11.97,Low
EMP01593,41,17,88.39,2,56,44,80.13,8.71,7.29,5.68,6.73,7.82,73.97,5.56,Medium
EMP01594,45,2,99.63,4,27,60,99.4,7.06,5.42,6.77,6.36,5.01,52.67,4.29,Low
EMP01595,53,13,86.99,9,38,72,98.5,8.07,9.98,6.02,9.01,9.6,67.89,11.19,Medium
EMP01596,57,14,98.43,7,45,38,70.87,7.98,8.48,9.45,8.23,8.92,53.58,9.92,Low
EMP01597,55,11,98.66,5,23,67,75.48,9.48,5.15,8.77,8.6,5.83,58.04,10.65,Low
EMP01598,57,28,84.84,3,34,51,90.11,5.9,8.46,7.82,6.97,8.05,94.63,11.45,Medium
EMP01599,23,10,95.96,3,70,51,91.06,7.38,8.96,8.25,9.2,5.1,92.22,10.42,Medium
EMP01600,36,3,88.66,3,66,18,96.43,8.16,5.95,9.57,7.08,6.08,92.9,11.84,Medium
EMP01601,55,29,98.35,5,77,71,86.11,7.6,9.2,6.52,5.88,5.85,51.63,8.03,Low
EMP01602,57,27,89.0,6,33,68,79.0,7.25,8.06,5.07,7.55,5.78,78.46,3.65,Medium
EMP01603,27,17,94.89,4,49,42,75.11,9.87,9.1,5.13,7.22,7.76,88.7,2.84,Medium
EMP01604,33,15,89.34,9,67,30,76.77,9.71,8.58,5.23,5.46,9.82,84.58,7.62,Medium
EMP01605,24,9,84.56,7,75,27,94.02,8.06,8.52,5.64,8.31,5.65,75.03,4.95,Medium
EMP01606,39,10,83.99,6,61,22,99.2,7.2,5.79,7.85,9.06,9.36,56.09,2.44,Medium
EMP01607,42,8,88.51,7,43,70,62.08,8.78,6.58,9.91,6.78,5.41,88.7,9.77,Low
EMP01608,36,21,95.11,3,65,67,83.21,7.56,7.62,7.1,8.8,5.41,94.49,4.85,Medium
EMP01609,54,13,92.1,7,71,62,80.8,9.98,5.56,8.56,7.93,8.14,63.42,5.9,Medium
EMP01610,56,27,93.77,5,62,74,75.05,8.43,7.39,8.96,6.36,7.87,76.98,7.73,Medium
EMP01611,47,18,85.65,2,53,39,94.06,5.34,7.23,9.01,6.72,6.72,74.52,5.42,Low
EMP01612,29,5,89.63,7,79,16,83.03,7.01,6.16,7.22,9.73,7.67,86.66,10.53,Medium
EMP01613,57,6,80.89,6,38,44,72.52,8.65,6.0,7.75,6.08,8.77,96.3,11.81,Medium
EMP01614,51,17,96.35,9,22,54,77.76,9.21,6.24,6.64,5.76,8.87,72.66,5.24,Medium
EMP01615,44,11,99.8,4,23,17,74.27,9.07,8.03,8.44,5.38,5.06,73.12,2.96,Low
EMP01616,35,20,88.14,3,30,37,77.2,9.89,7.07,6.91,9.38,5.39,61.3,4.06,Medium
EMP01617,35,16,80.22,0,32,43,62.85,7.45,7.07,6.56,8.36,5.02,58.96,8.41,Low
EMP01618,23,9,83.4,9,69,55,64.48,5.7,5.91,8.14,5.58,5.08,51.93,1.91,Low
EMP01619,58,2,93.05,2,37,44,84.95,8.26,8.94,6.71,8.83,9.2,90.88,8.42,Medium
EMP01620,26,5,92.24,1,38,25,87.36,5.35,8.5,7.04,8.15,5.42,70.12,6.8,Low
EMP01621,59,1,95.76,7,63,35,85.46,9.87,7.15,8.55,9.93,8.56,53.66,1.5,Medium
EMP01622,35,4,85.08,7,52,41,90.52,8.79,5.71,9.27,7.56,9.9,77.56,5.52,Medium
EMP01623,46,4,95.27,4,75,38,97.74,9.91,8.57,7.17,7.58,9.1,66.77,3.54,Medium
EMP01624,41,22,93.76,4,57,66,94.42,6.89,9.49,7.61,6.25,5.33,98.57,2.43,Medium
EMP01625,23,26,86.46,3,22,45,76.74,5.08,5.89,8.73,5.95,9.47,72.39,11.35,Low
EMP01626,27,25,90.91,0,68,44,68.7,7.61,8.01,6.12,8.67,9.79,55.14,4.2,Medium
EMP01627,38,3,82.95,0,54,15,72.47,5.61,7.12,7.08,6.86,8.53,81.91,6.43,Medium
EMP01628,46,9,89.05,5,20,15,83.51,8.4,5.44,9.06,8.62,8.08,89.67,7.73,Medium
EMP01629,49,22,97.62,3,54,68,94.25,7.49,8.63,9.47,8.87,8.01,79.07,7.92,Medium
EMP01630,23,23,88.42,3,55,22,88.07,8.77,5.36,8.22,9.52,9.1,88.74,5.2,Medium
EMP01631,56,12,96.79,2,57,62,81.72,6.46,8.51,6.97,7.14,7.77,64.99,3.96,Low
EMP01632,58,10,91.81,8,58,56,84.08,9.15,6.41,8.03,5.48,6.67,76.56,7.21,Low
EMP01633,26,2,83.84,2,74,48,81.13,8.25,7.83,5.89,5.11,9.85,91.35,9.74,Medium
EMP01634,22,11,91.62,7,44,30,98.87,9.94,5.8,5.15,6.46,5.24,53.76,10.84,Low
EMP01635,33,10,90.12,1,59,41,92.64,5.89,6.85,5.37,9.66,8.33,62.97,7.51,Medium
EMP01636,57,22,87.97,3,32,18,91.25,5.26,5.52,5.54,8.74,7.93,81.34,6.82,Medium
EMP01637,44,6,82.39,0,23,33,80.69,9.26,7.34,6.13,7.8,8.2,75.3,11.63,Medium
EMP01638,52,18,88.33,4,25,43,73.27,6.69,6.07,7.31,6.2,8.21,88.48,3.23,Medium
EMP01639,32,2,81.46,1,30,55,60.78,7.16,5.94,6.16,8.56,5.62,58.91,1.19,Low
EMP01640,31,2,81.98,0,20,17,61.74,9.63,5.54,7.93,8.7,5.67,92.37,6.42,Medium
EMP01641,24,10,88.32,0,27,25,61.21,7.2,8.83,9.99,6.15,5.34,80.93,1.64,Low
EMP01642,35,16,86.11,1,73,22,99.22,6.49,8.2,7.49,8.54,9.69,60.17,1.65,Medium
EMP01643,37,12,98.51,4,53,53,64.58,5.3,5.78,8.78,5.6,8.05,52.83,1.36,Low
EMP01644,31,1,87.51,8,59,47,65.68,7.21,7.36,6.46,5.51,5.39,99.1,7.8,Low
EMP01645,50,21,95.16,5,71,22,79.37,8.27,8.3,9.81,5.28,7.17,72.2,7.88,Low
EMP01646,31,8,90.6,3,28,39,79.26,6.35,9.39,6.25,9.05,6.8,63.38,3.81,Medium
EMP01647,33,16,94.08,2,55,38,96.8,8.59,5.3,7.98,6.35,5.74,59.01,5.95,Low
EMP01648,51,18,85.2,7,68,40,62.94,7.39,6.81,9.92,8.02,9.11,62.21,5.61,Low
EMP01649,22,13,98.84,2,58,40,98.29,9.29,8.08,9.04,5.72,8.88,74.49,6.42,Medium
EMP01650,26,15,90.6,0,61,31,68.66,5.81,5.08,9.96,7.21,7.32,92.65,3.19,Medium
EMP01651,41,21,96.63,3,56,41,98.81,8.79,6.22,6.9,5.14,7.61,60.42,9.94,Low
EMP01652,29,12,87.3,4,61,43,81.65,9.66,8.72,5.39,9.3,7.18,68.41,4.17,Medium
EMP01653,33,8,82.0,4,78,57,86.08,8.71,6.78,6.22,7.7,7.76,89.86,4.59,Medium
EMP01654,22,10,93.47,4,63,53,72.63,7.03,5.42,9.79,9.45,8.66,83.22,8.16,Medium
EMP01655,41,14,80.16,7,40,23,84.47,6.15,8.13,6.85,7.34,9.38,51.44,11.8,Low
EMP01656,49,5,89.51,7,39,28,88.43,5.49,6.25,5.62,6.58,7.96,62.52,3.25,Low
EMP01657,58,18,83.86,3,57,19,60.41,8.21,8.51,7.97,7.0,5.63,56.37,4.94,Low
EMP01658,58,19,92.55,8,20,64,61.37,5.71,9.5,7.5,6.22,8.86,52.06,5.12,Low
EMP01659,33,15,99.59,0,54,44,99.46,9.19,7.64,5.31,9.43,6.86,97.36,6.82,High
EMP01660,58,6,89.29,4,78,70,78.3,9.8,8.0,7.26,6.48,8.15,81.05,10.19,Medium
EMP01661,49,27,96.35,4,47,71,97.43,5.68,7.57,8.16,6.46,5.99,77.09,8.98,Low
EMP01662,36,11,90.16,4,26,69,89.2,6.88,9.09,6.16,8.16,5.82,93.0,3.26,Medium
EMP01663,27,21,89.92,7,62,42,74.92,9.69,6.21,5.62,5.61,5.26,79.57,8.84,Low
EMP01664,41,11,98.61,8,75,59,66.03,7.35,7.01,9.32,6.1,6.57,78.88,2.39,Low
EMP01665,35,20,97.8,2,63,51,99.13,7.68,9.48,8.13,7.15,7.99,60.09,3.11,Medium
EMP01666,23,20,95.72,8,28,22,83.38,8.74,8.62,5.78,5.91,6.59,81.02,5.33,Medium
EMP01667,30,21,85.93,7,20,29,67.69,6.05,6.6,8.15,6.29,6.2,83.4,4.79,Low
EMP01668,58,18,90.9,2,55,68,87.27,9.9,9.16,8.68,8.5,9.97,94.07,10.57,Medium
EMP01669,41,25,84.48,1,53,42,63.68,8.9,6.19,7.99,6.4,9.99,71.27,11.97,Low
EMP01670,47,18,88.88,3,53,50,94.72,5.81,8.17,5.58,8.19,8.02,60.2,3.23,Medium
EMP01671,50,10,89.68,1,36,47,63.61,5.56,9.78,5.62,7.47,6.62,78.46,8.23,Low
EMP01672,22,2,96.63,3,72,20,69.45,9.67,7.87,5.23,8.84,9.31,98.63,7.41,Medium
EMP01673,56,26,97.92,4,51,70,63.66,8.43,9.0,6.17,8.75,8.68,53.77,9.46,Low
EMP01674,27,9,88.29,1,21,65,64.15,5.19,8.68,5.3,5.99,8.08,50.17,8.7,Low
EMP01675,58,14,80.35,7,55,26,80.95,5.71,9.33,9.03,9.72,9.54,51.8,4.03,Medium
EMP01676,26,19,97.24,0,44,21,87.48,5.24,9.84,5.08,9.01,7.23,91.57,10.25,Medium
EMP01677,54,10,83.49,2,62,59,91.54,9.87,5.11,7.91,7.66,6.28,50.06,6.27,Low
EMP01678,35,23,92.44,6,70,42,87.8,7.49,5.14,9.05,7.8,9.84,61.08,11.26,Medium
EMP01679,33,4,80.5,9,75,21,74.54,7.31,7.97,9.47,9.14,9.3,99.08,7.16,Medium
EMP01680,41,29,87.99,0,45,55,82.29,9.78,9.77,7.05,7.42,9.56,87.29,4.2,Medium
EMP01681,45,29,99.72,1,64,15,97.11,7.52,7.43,8.1,7.39,9.59,60.94,10.86,Medium
EMP01682,55,6,82.01,2,73,67,75.5,7.59,9.2,9.76,8.15,6.91,61.09,10.09,Low
EMP01683,46,14,88.47,1,45,38,70.1,9.92,8.84,8.36,5.44,9.3,72.92,11.42,Low
EMP01684,50,4,86.14,1,40,59,80.77,5.56,7.49,9.51,7.91,9.45,53.8,10.83,Low
EMP01685,52,26,98.1,5,37,33,71.89,9.93,7.57,8.42,6.12,7.74,82.65,3.7,Medium
EMP01686,44,15,97.39,6,78,67,70.47,5.83,7.18,5.34,5.58,8.13,74.83,9.97,Low
EMP01687,59,16,84.75,5,48,46,91.15,7.36,6.26,5.98,9.08,7.89,70.96,7.54,Medium
EMP01688,41,7,81.62,5,70,44,95.63,6.69,9.29,9.7,6.91,5.08,74.51,5.44,Low
EMP01689,44,17,92.54,8,43,15,80.09,9.78,6.05,9.22,7.51,7.68,63.59,1.08,Medium
EMP01690,37,19,86.73,7,66,46,91.19,7.43,9.53,7.11,6.47,5.19,60.68,8.67,Low
EMP01691,29,29,93.44,7,47,71,67.48,5.12,6.8,5.81,5.15,7.26,53.43,10.39,Low
EMP01692,42,19,80.64,5,31,34,81.91,6.11,5.13,5.79,7.21,5.23,81.27,7.65,Low
EMP01693,22,17,82.67,4,76,35,85.45,7.15,5.84,9.52,8.75,7.28,74.7,4.42,Medium
EMP01694,29,6,93.73,8,30,33,79.63,8.38,9.44,5.83,8.79,6.52,85.55,1.63,Medium
EMP01695,50,29,84.25,1,46,44,64.68,7.81,5.64,6.93,9.61,8.87,94.72,8.25,Medium
EMP01696,53,11,97.15,6,42,64,89.36,9.25,8.69,9.5,9.2,7.4,99.65,5.44,High
EMP01697,59,16,81.17,5,52,42,93.56,9.14,5.91,5.17,9.91,7.56,61.37,6.47,Medium
EMP01698,26,25,84.31,6,35,46,85.41,7.95,7.49,8.15,7.86,9.52,58.4,7.21,Medium
EMP01699,43,8,99.97,3,47,44,66.77,7.86,6.03,6.75,5.25,7.41,95.61,9.45,Medium
EMP01700,55,11,88.66,8,47,37,62.98,6.39,6.67,5.54,9.32,5.78,70.08,6.9,Low
EMP01701,22,7,94.06,6,64,41,72.06,9.79,5.62,7.84,9.76,5.56,90.17,6.79,Medium
EMP01702,47,26,83.65,1,57,51,61.48,5.38,7.78,7.42,7.32,6.53,56.77,6.29,Low
EMP01703,31,24,92.2,3,74,73,93.57,6.99,6.83,5.5,5.57,6.33,64.74,5.7,Low
EMP01704,51,22,94.52,4,79,40,88.12,8.3,6.83,6.34,5.12,9.09,50.55,7.85,Low
EMP01705,39,25,86.29,1,25,17,82.55,9.73,5.19,8.7,8.07,8.79,99.49,1.27,Medium
EMP01706,38,19,96.58,9,61,45,95.59,7.51,5.68,8.78,8.34,5.29,50.28,8.96,Low
EMP01707,47,26,92.07,7,78,16,64.4,9.48,8.54,7.99,5.08,6.0,58.58,4.46,Low
EMP01708,29,10,87.78,0,48,72,88.58,5.52,6.46,5.55,9.75,7.24,77.88,5.1,Medium
EMP01709,33,9,91.15,2,53,68,65.87,7.66,7.21,9.27,7.71,5.44,92.52,7.76,Medium
EMP01710,48,4,91.54,0,76,24,62.44,6.58,8.82,5.86,8.06,5.83,89.7,3.72,Medium
EMP01711,29,23,83.31,4,22,52,65.32,8.98,7.22,8.6,7.82,9.54,62.66,8.25,Medium
EMP01712,46,15,88.05,7,25,33,98.04,7.22,6.13,5.21,6.58,7.71,94.01,2.4,Medium
EMP01713,25,13,86.87,6,67,45,77.62,7.38,7.75,6.66,9.5,8.98,53.48,8.14,Medium
EMP01714,54,25,88.02,8,57,43,61.96,5.32,9.01,7.39,5.02,6.65,66.59,8.89,Low
EMP01715,22,2,95.22,1,75,39,83.35,7.19,8.0,5.14,8.74,6.87,63.15,8.7,Medium
EMP01716,40,2,89.65,7,32,46,67.99,5.4,7.1,5.86,6.8,9.29,82.79,9.52,Medium
EMP01717,52,16,98.81,7,55,31,60.27,6.5,5.63,6.59,5.95,8.29,51.91,6.69,Low
EMP01718,37,9,85.87,5,34,65,90.34,5.63,6.24,9.91,7.18,8.39,92.72,10.51,Medium
EMP01719,35,28,88.31,2,25,59,66.19,6.67,9.73,8.9,5.99,8.19,98.07,3.57,Medium
EMP01720,26,13,95.74,1,52,63,97.7,6.14,8.86,9.2,9.34,7.71,61.81,5.22,Medium
EMP01721,47,3,90.92,7,60,37,83.71,6.43,5.44,8.34,8.98,9.96,95.1,11.52,Medium
EMP01722,49,9,90.94,5,31,32,63.48,5.74,5.03,6.46,9.28,9.47,95.31,9.68,Medium
EMP01723,23,13,81.07,3,76,25,68.71,7.2,5.88,8.55,9.18,8.55,81.32,9.17,Medium
EMP01724,27,21,87.97,4,74,73,84.43,7.49,9.72,8.37,9.12,8.39,75.35,8.82,Medium
EMP01725,30,22,85.41,4,62,74,73.52,9.18,7.9,8.05,7.91,5.42,88.73,2.22,Medium
EMP01726,54,2,99.99,8,32,66,81.29,7.69,9.19,6.49,9.51,7.43,75.9,11.46,Medium
EMP01727,46,8,86.17,8,52,34,91.98,6.14,7.33,6.32,5.3,7.48,87.21,4.22,Medium
EMP01728,34,27,97.69,7,70,27,91.7,8.68,9.13,6.68,6.43,5.26,54.64,2.59,Low
EMP01729,30,9,93.52,7,47,38,87.92,6.49,5.17,6.56,6.06,8.78,64.26,1.2,Medium
EMP01730,34,16,86.82,1,72,57,95.44,8.78,7.13,5.39,5.61,5.01,69.72,5.25,Low
EMP01731,52,2,90.87,2,55,34,67.97,6.94,6.89,9.01,5.03,7.13,60.25,8.4,Low
EMP01732,32,6,96.81,7,24,65,67.09,7.57,9.91,6.85,7.01,9.52,61.52,5.31,Low
EMP01733,25,22,97.67,4,74,56,91.97,7.52,6.5,8.53,8.62,6.7,88.08,9.9,Medium
EMP01734,55,8,83.21,6,44,42,72.84,9.78,7.08,6.4,8.22,7.91,58.68,3.0,Medium
EMP01735,59,26,86.79,7,36,49,80.49,5.77,8.79,8.01,8.26,6.54,55.61,2.87,Low
EMP01736,25,28,86.7,5,56,35,89.76,9.69,9.4,5.17,9.44,5.89,64.02,3.93,Medium
EMP01737,59,5,80.84,4,38,20,75.84,7.81,9.39,5.53,9.79,8.65,58.0,1.6,Medium
EMP01738,40,9,91.96,7,54,21,65.21,9.97,6.97,6.82,8.4,6.02,60.15,10.23,Low
EMP01739,27,1,97.1,0,62,43,87.18,7.87,9.74,6.34,5.42,5.36,89.15,2.48,Medium
EMP01740,55,9,87.63,0,53,67,92.69,8.28,8.27,6.77,8.38,7.18,72.05,5.18,Medium
EMP01741,39,10,94.8,0,73,37,60.51,8.75,9.26,9.65,7.77,8.54,71.7,6.09,Medium
EMP01742,34,23,92.55,2,65,66,82.5,9.11,9.63,5.37,5.32,7.9,76.24,3.58,Medium
EMP01743,44,4,87.51,9,25,19,78.78,7.39,6.17,7.31,6.29,6.22,54.46,10.73,Low
EMP01744,40,3,82.82,5,38,36,70.38,8.39,7.5,5.99,6.19,9.09,99.36,9.09,Medium
EMP01745,32,10,94.19,5,20,23,66.44,8.07,7.94,6.78,8.86,5.49,92.36,1.31,Medium
EMP01746,22,15,97.09,4,26,46,67.52,7.04,9.01,8.39,6.73,8.35,64.64,5.83,Low
EMP01747,45,11,93.72,6,53,68,89.0,9.1,7.01,9.86,7.5,8.03,52.84,2.52,Medium
EMP01748,28,14,80.36,4,75,24,81.45,5.96,6.05,8.47,8.93,9.49,80.87,8.03,Medium
EMP01749,46,6,84.32,1,38,60,99.25,5.84,8.72,9.42,9.68,7.63,79.61,6.43,Medium
EMP01750,42,12,81.39,3,52,57,69.73,8.68,7.96,5.74,7.69,9.09,65.5,9.89,Medium
EMP01751,36,13,91.41,0,45,63,98.28,8.19,9.49,5.91,7.78,6.08,67.03,8.53,Medium
EMP01752,22,17,95.13,6,60,42,80.6,6.59,8.28,9.38,5.48,7.73,76.29,10.0,Low
EMP01753,33,16,82.21,3,72,25,65.84,8.18,5.08,8.04,7.47,7.66,93.96,10.64,Medium
EMP01754,28,3,96.77,3,68,21,65.93,8.85,9.83,8.96,8.43,6.48,55.46,2.99,Low
EMP01755,36,2,91.11,3,61,44,84.34,6.08,7.97,6.11,5.95,5.03,75.49,7.42,Low
EMP01756,42,11,93.8,2,46,57,93.26,7.91,7.98,6.74,5.56,8.72,71.85,2.75,Medium
EMP01757,40,29,99.43,7,57,59,89.91,9.12,9.55,5.41,9.32,6.98,73.32,3.68,Medium
EMP01758,50,9,81.67,3,45,73,86.23,7.06,8.32,9.48,5.57,6.5,95.49,3.5,Medium
EMP01759,46,3,98.02,7,54,65,66.88,7.86,7.4,9.78,9.57,5.97,77.22,4.88,Medium
EMP01760,54,29,82.52,8,78,52,64.33,5.39,5.54,9.29,6.37,9.26,84.75,9.67,Low
EMP01761,53,18,87.86,0,39,48,60.01,9.15,9.81,7.19,6.65,6.67,95.63,4.49,Medium
EMP01762,56,20,97.03,3,43,60,64.07,8.98,5.39,6.71,7.63,6.02,65.12,9.2,Low
EMP01763,59,15,98.13,5,66,42,90.65,7.28,5.85,7.31,5.94,7.62,67.93,1.01,Medium
EMP01764,47,14,90.13,7,40,46,95.81,5.6,9.1,8.19,8.44,8.91,61.33,7.36,Medium
EMP01765,32,2,91.88,5,79,30,69.61,8.3,7.45,7.16,7.62,8.01,82.59,4.09,Medium
EMP01766,56,17,94.16,5,73,53,91.8,7.86,5.89,7.11,9.73,9.8,62.69,9.16,Medium
EMP01767,29,22,96.66,9,45,15,67.95,9.6,6.43,7.16,9.56,9.78,61.73,11.9,Medium
EMP01768,35,26,82.43,3,39,48,69.97,6.4,9.97,8.72,8.85,9.51,99.34,6.86,Medium
EMP01769,31,8,96.2,8,25,55,68.97,5.16,7.92,8.93,5.92,7.83,84.87,6.86,Low
EMP01770,23,10,89.63,6,22,71,62.07,6.27,7.01,9.35,6.07,8.84,90.72,11.72,Low
EMP01771,30,26,89.01,5,29,37,67.76,7.14,9.38,6.21,6.34,6.44,98.44,4.95,Medium
EMP01772,24,18,88.48,0,31,64,74.94,5.78,7.4,5.79,9.17,7.88,98.55,5.36,Medium
EMP01773,42,25,90.18,1,52,67,76.22,9.9,6.54,6.73,8.24,5.33,66.66,8.66,Low
EMP01774,47,29,98.9,5,41,34,72.38,6.11,5.82,7.1,5.88,6.32,75.94,6.43,Low
EMP01775,29,19,90.96,0,35,32,80.59,8.39,8.72,8.51,7.29,6.63,96.17,9.46,Medium
EMP01776,23,8,99.06,4,36,32,75.12,7.27,7.98,8.79,9.87,6.81,51.28,5.52,Low
EMP01777,27,28,83.61,0,29,56,98.81,7.78,5.46,9.92,8.66,5.81,95.81,8.58,Medium
EMP01778,49,8,94.48,2,31,54,92.29,9.66,7.96,6.89,9.67,5.42,92.9,9.47,Medium
EMP01779,50,3,96.24,6,38,35,97.24,7.66,5.8,7.01,9.04,7.89,73.4,8.07,Medium
EMP01780,47,3,93.58,4,79,22,82.3,6.53,9.91,7.71,8.63,7.46,75.85,3.22,Medium
EMP01781,46,12,92.14,9,59,48,87.13,6.1,6.3,9.1,9.15,7.92,52.38,6.68,Low
EMP01782,33,22,91.3,0,42,64,66.67,9.46,8.48,8.3,8.46,5.65,77.79,11.63,Medium
EMP01783,26,17,97.22,0,59,25,90.11,9.93,8.28,7.86,7.84,9.74,56.16,2.15,Medium
EMP01784,55,4,96.43,7,29,57,69.44,6.26,8.46,8.24,8.68,7.07,63.2,8.76,Low
EMP01785,58,17,82.45,8,29,65,65.83,8.61,7.15,7.32,6.15,7.25,90.2,9.67,Medium
EMP01786,36,14,96.97,6,69,57,61.67,7.53,5.37,8.8,7.45,7.73,75.23,8.43,Low
EMP01787,57,19,88.28,2,29,24,78.89,8.49,9.9,5.38,9.76,8.45,87.59,2.24,Medium
EMP01788,36,9,85.07,5,58,22,71.47,9.82,5.96,7.55,9.04,6.92,96.59,1.82,Medium
EMP01789,44,21,97.4,2,49,61,99.47,6.38,8.85,9.03,9.63,5.72,58.56,6.57,Medium
EMP01790,27,12,88.64,9,23,22,69.99,8.7,5.69,6.51,9.84,8.92,62.98,4.53,Medium
EMP01791,42,5,96.17,3,20,33,94.66,7.19,6.41,9.22,7.94,6.3,79.35,5.3,Medium
EMP01792,44,11,85.27,3,62,15,72.66,8.26,7.8,8.91,5.98,7.21,97.48,4.0,Medium
EMP01793,37,20,80.08,2,38,69,89.97,7.03,7.07,7.9,8.71,8.16,88.97,10.02,Medium
EMP01794,36,3,89.91,9,24,66,86.39,8.54,9.79,6.26,5.04,9.83,81.97,10.35,Medium
EMP01795,46,21,82.0,5,49,17,82.47,6.69,9.24,9.31,5.45,5.17,83.96,1.18,Low
EMP01796,57,15,95.09,4,45,67,76.67,7.44,9.61,5.15,6.43,7.59,71.63,9.95,Low
EMP01797,32,14,85.52,8,59,58,86.84,8.54,8.2,7.96,5.08,9.68,70.19,8.41,Medium
EMP01798,36,11,88.87,8,53,46,76.29,5.21,6.09,8.91,8.42,6.28,99.34,6.0,Medium
EMP01799,25,20,81.74,2,21,62,81.92,6.64,7.59,7.43,9.08,5.56,92.82,1.91,Medium
EMP01800,42,8,85.73,8,43,68,83.59,7.73,8.83,5.51,8.77,7.98,88.05,8.36,Medium
EMP01801,34,4,95.63,2,33,30,70.69,5.37,5.32,9.17,5.72,5.76,85.99,3.9,Low
EMP01802,43,27,83.03,3,60,44,73.59,8.52,9.32,9.55,9.02,9.39,78.36,7.05,Medium
EMP01803,40,12,92.94,0,61,63,60.72,9.07,8.16,7.82,9.14,8.62,66.45,3.44,Medium
EMP01804,55,8,98.35,4,32,42,94.09,5.82,8.62,8.94,5.48,5.61,71.64,10.66,Low
EMP01805,35,6,93.6,8,48,42,90.24,8.67,8.47,8.05,7.46,7.89,52.94,4.84,Medium
EMP01806,25,15,96.22,1,20,30,67.34,8.23,9.24,7.87,8.44,5.14,54.47,8.55,Low
EMP01807,48,12,82.18,3,65,55,74.48,7.05,5.44,5.65,7.03,9.23,69.22,6.43,Medium
EMP01808,50,16,85.01,9,53,68,76.84,5.82,6.89,7.18,9.45,6.03,55.79,11.06,Low
EMP01809,49,16,97.89,1,23,65,73.38,9.77,7.51,8.39,7.65,8.66,69.9,3.51,Medium
EMP01810,56,27,94.3,7,47,47,91.93,7.32,7.73,7.27,5.61,5.53,60.67,11.51,Low
EMP01811,29,21,92.79,8,38,39,89.02,5.92,9.71,8.09,7.65,7.36,67.5,9.28,Low
EMP01812,37,20,93.28,2,20,32,90.69,8.59,5.21,9.47,7.89,9.65,68.96,8.71,Medium
EMP01813,57,20,88.28,8,55,40,96.17,8.04,9.33,6.83,9.77,5.37,89.72,10.25,Medium
EMP01814,51,28,80.89,5,62,20,83.81,9.08,7.76,9.14,7.11,6.48,84.28,8.17,Medium
EMP01815,39,4,95.69,5,32,52,84.58,9.98,7.77,5.15,9.47,8.91,90.75,2.21,High
EMP01816,23,11,93.57,6,78,58,88.88,5.22,6.6,9.26,6.6,7.32,68.24,8.68,Low
EMP01817,34,13,89.46,4,69,17,87.25,8.7,8.22,5.53,7.26,8.25,91.29,5.81,Medium
EMP01818,25,29,98.0,5,61,57,94.79,9.95,8.23,6.61,8.38,9.06,97.48,7.09,High
EMP01819,47,9,86.72,0,24,20,90.81,7.69,5.95,7.57,9.43,8.92,63.87,5.49,Medium
EMP01820,46,4,85.89,2,52,28,64.82,8.58,8.39,8.25,8.87,6.98,85.93,2.88,Medium
EMP01821,51,12,97.46,8,33,32,97.13,7.21,6.33,9.77,5.78,7.15,52.88,6.33,Low
EMP01822,32,9,95.94,4,35,30,87.32,6.78,8.44,6.54,5.97,7.86,76.05,1.69,Medium
EMP01823,28,13,90.3,4,75,38,65.09,8.48,8.06,5.43,5.34,5.61,57.82,1.59,Low
EMP01824,52,16,82.61,7,77,27,90.88,9.94,8.58,7.29,8.11,9.35,91.65,6.87,Medium
EMP01825,31,26,84.3,1,51,15,74.34,5.46,5.1,6.73,7.2,5.47,70.71,2.98,Low
EMP01826,34,6,93.12,6,69,52,92.24,7.11,5.63,8.0,9.38,5.92,80.22,7.86,Medium
EMP01827,52,10,87.7,8,46,28,98.22,9.7,9.2,9.61,9.95,9.72,79.11,3.1,High
EMP01828,28,13,96.73,6,54,31,70.21,5.56,6.9,8.22,9.39,6.41,55.21,9.86,Low
EMP01829,57,7,99.0,4,22,71,94.3,8.25,9.18,7.89,5.23,6.22,55.01,2.61,Low
EMP01830,41,28,96.11,5,23,27,90.94,7.15,5.31,6.23,9.72,7.13,78.58,5.88,Medium
EMP01831,25,26,87.55,3,26,27,86.85,6.88,8.85,6.32,5.51,8.62,65.75,6.12,Low
EMP01832,28,19,95.77,6,32,23,75.4,6.05,5.42,7.18,7.24,6.83,55.57,7.82,Low
EMP01833,22,24,87.03,0,60,20,64.39,5.88,7.34,9.46,6.49,9.37,65.5,5.43,Low
EMP01834,34,19,83.34,3,22,20,79.36,7.58,9.69,7.9,5.78,5.75,59.53,8.23,Low
EMP01835,43,17,80.67,2,36,71,64.23,6.89,5.39,7.47,5.86,5.59,51.98,9.43,Low
EMP01836,42,13,87.71,3,66,44,80.01,7.46,6.75,7.71,6.73,5.39,68.99,2.35,Low
EMP01837,43,13,98.07,0,78,51,92.81,5.98,7.59,9.17,5.13,6.49,84.04,1.81,Medium
EMP01838,49,26,84.78,1,29,71,99.91,6.75,9.5,8.39,5.32,6.0,55.66,8.45,Low
EMP01839,30,28,84.13,8,66,67,67.92,9.98,6.66,9.64,8.57,7.31,79.26,10.39,Medium
EMP01840,47,21,99.4,6,20,60,68.31,6.84,9.04,7.91,8.13,9.98,57.58,6.28,Medium
EMP01841,30,2,80.5,5,47,28,92.44,7.06,8.59,5.98,5.5,9.34,53.42,7.96,Low
EMP01842,36,10,95.72,1,78,18,78.76,5.1,6.54,5.09,7.16,9.47,54.61,4.28,Low
EMP01843,31,22,86.43,0,73,48,96.63,6.9,6.7,6.59,8.04,9.15,60.49,10.62,Medium
EMP01844,45,13,80.75,1,72,16,90.76,8.82,5.96,5.31,5.49,6.36,73.28,9.49,Low
EMP01845,29,26,98.36,6,29,31,89.46,7.58,8.46,7.04,9.86,6.13,72.22,7.46,Medium
EMP01846,45,9,82.79,1,26,56,64.08,8.29,7.82,5.94,9.24,8.66,73.82,4.37,Medium
EMP01847,37,1,91.04,2,58,28,61.44,7.78,5.77,7.02,6.14,7.99,68.79,5.82,Low
EMP01848,47,14,85.48,7,22,65,72.67,5.53,8.1,7.0,7.59,6.03,94.01,4.07,Medium
EMP01849,48,29,81.3,6,26,31,68.69,6.66,7.49,6.38,7.54,9.84,94.23,5.75,Medium
EMP01850,58,16,81.0,8,28,68,88.49,8.47,5.46,8.26,6.67,7.12,82.9,1.55,Medium
EMP01851,25,20,82.31,3,59,44,78.03,7.74,9.77,7.17,8.8,9.07,66.2,2.16,Medium
EMP01852,45,15,81.43,6,54,57,80.93,8.37,9.17,9.47,8.29,5.37,59.25,3.39,Low
EMP01853,40,1,95.21,0,45,43,92.55,6.8,5.36,5.38,9.32,5.18,84.89,10.94,Medium
EMP01854,57,17,89.71,1,24,21,79.14,5.97,9.66,7.05,5.03,7.28,99.83,6.12,Medium
EMP01855,31,24,86.86,6,32,23,81.8,9.15,9.58,8.88,8.02,5.6,90.97,6.29,Medium
EMP01856,46,13,88.37,1,64,60,93.69,6.88,5.21,7.47,9.96,9.9,66.39,6.82,Medium
EMP01857,39,27,98.58,5,49,37,77.25,8.28,6.01,9.83,8.95,9.06,59.59,6.5,Medium
EMP01858,40,15,98.22,9,59,50,63.33,6.91,8.51,5.87,6.72,7.27,90.88,1.95,Medium
EMP01859,57,16,94.31,8,69,28,80.87,9.64,9.67,6.58,5.78,9.9,70.11,4.56,Medium
EMP01860,31,16,97.69,4,58,34,83.17,9.96,9.12,5.58,7.14,6.19,79.25,1.74,Medium
EMP01861,54,2,86.39,9,78,70,80.47,8.24,6.41,6.23,7.12,8.39,52.13,1.77,Low
EMP01862,26,17,87.62,6,29,66,70.32,8.01,5.17,8.36,7.93,5.09,90.32,1.85,Medium
EMP01863,56,11,92.27,0,61,31,68.95,9.2,7.36,7.43,5.33,6.86,60.11,10.87,Low
EMP01864,55,8,92.47,7,42,46,74.79,7.58,5.46,5.81,6.94,5.4,88.18,3.41,Medium
EMP01865,54,20,89.63,8,30,39,66.65,9.35,6.23,7.37,9.27,6.84,83.02,1.74,Medium
EMP01866,42,3,88.01,4,31,65,86.64,7.06,8.2,9.24,8.22,6.9,70.62,1.03,Medium
EMP01867,38,29,99.72,5,32,44,84.59,5.16,7.48,7.2,7.17,6.88,76.68,7.75,Low
EMP01868,43,12,96.42,7,59,63,85.3,9.63,6.88,5.07,6.55,7.07,76.88,7.79,Medium
EMP01869,58,20,88.7,3,68,71,68.99,8.61,9.65,5.27,6.4,8.08,61.26,3.91,Low
EMP01870,36,16,94.55,1,75,41,69.86,7.55,5.96,7.19,8.74,5.95,56.46,4.08,Low
EMP01871,56,14,85.39,9,65,41,91.5,9.72,7.44,7.97,7.14,6.17,90.5,4.72,Medium
EMP01872,49,16,82.0,7,68,60,87.6,9.43,7.87,9.43,6.23,8.23,84.5,4.9,Medium
EMP01873,28,27,87.05,1,70,45,95.01,5.54,6.61,9.91,9.06,7.33,81.07,9.55,Medium
EMP01874,53,21,88.06,4,35,59,76.14,8.12,8.53,9.9,6.33,5.81,63.92,11.34,Low
EMP01875,32,17,80.33,5,28,40,81.89,7.69,9.34,7.79,5.32,8.94,70.11,7.47,Low
EMP01876,31,11,96.3,4,71,28,89.55,8.88,7.71,5.18,7.74,9.65,57.36,5.31,Medium
EMP01877,30,17,87.18,5,29,72,98.97,6.5,8.91,6.07,6.4,7.33,87.72,4.24,Medium
EMP01878,35,19,91.61,5,48,62,99.59,5.04,5.3,7.17,5.02,8.07,50.75,10.12,Low
EMP01879,34,22,81.48,2,28,35,99.97,5.93,5.77,9.4,7.51,9.08,50.14,1.99,Low
EMP01880,46,1,83.5,2,52,42,95.62,6.05,7.31,5.11,9.47,9.82,76.05,5.77,Medium
EMP01881,23,27,97.79,8,43,29,85.59,6.46,9.61,7.55,8.22,9.85,67.21,8.32,Medium
EMP01882,56,12,92.17,2,54,44,60.28,6.85,7.66,8.27,5.09,9.61,57.19,3.76,Low
EMP01883,28,15,99.01,2,30,39,87.98,8.53,7.16,6.44,6.89,9.08,86.15,2.48,Medium
EMP01884,42,18,99.98,1,58,65,69.54,5.37,8.0,6.58,6.24,7.13,96.6,8.17,Medium
EMP01885,39,28,87.44,6,69,68,62.29,7.43,5.62,6.94,8.35,8.35,64.03,7.59,Low
EMP01886,24,23,85.98,9,32,25,87.89,7.49,8.27,6.37,7.28,8.82,80.13,7.81,Medium
EMP01887,32,14,97.17,9,74,58,90.24,8.08,5.47,7.19,5.86,5.46,87.24,11.76,Medium
EMP01888,45,1,99.97,3,42,25,86.38,6.55,7.88,5.79,7.28,5.58,80.79,4.55,Medium
EMP01889,40,13,92.59,0,44,42,74.61,6.3,8.57,6.0,9.66,8.53,69.15,11.84,Medium
EMP01890,25,15,95.9,5,69,69,80.44,7.42,7.06,5.19,7.05,8.33,77.78,1.52,Medium
EMP01891,47,7,95.63,4,35,19,97.4,8.3,9.55,7.06,9.35,9.02,86.23,1.44,High
EMP01892,59,15,87.11,1,75,42,89.18,5.22,5.76,8.54,7.38,5.92,97.16,10.45,Medium
EMP01893,53,20,91.49,5,67,22,80.19,6.47,5.85,7.53,8.79,9.68,88.62,4.54,Medium
EMP01894,57,10,96.66,0,40,40,83.74,8.94,7.58,7.65,8.93,6.19,65.75,4.93,Medium
EMP01895,58,14,93.76,2,29,20,97.11,7.42,9.66,7.25,8.8,5.68,83.59,1.56,Medium
EMP01896,54,6,80.42,3,60,46,75.75,9.76,6.95,7.92,8.19,6.62,95.81,1.03,Medium
EMP01897,57,14,86.73,2,59,62,64.07,9.34,9.63,6.15,9.76,9.04,75.95,7.96,Medium
EMP01898,24,24,82.89,5,38,46,73.03,6.72,8.47,6.04,9.64,5.14,54.78,6.75,Low
EMP01899,30,25,84.66,3,54,26,76.61,8.63,8.91,9.71,6.51,6.13,82.06,9.01,Low
EMP01900,29,22,98.11,0,78,20,70.92,6.37,9.69,7.25,8.47,9.78,80.25,3.5,Medium
EMP01901,54,12,80.74,4,47,27,81.16,5.88,7.86,9.14,8.32,5.09,56.72,10.32,Low
EMP01902,27,11,84.4,4,77,53,72.19,9.41,8.21,9.58,6.0,6.39,61.98,3.88,Low
EMP01903,25,29,86.19,8,75,54,64.13,6.75,7.89,8.07,6.33,6.63,83.6,5.93,Low
EMP01904,34,25,92.34,7,60,58,67.52,6.02,8.92,6.49,6.55,9.62,98.68,5.05,Medium
EMP01905,23,20,90.68,7,21,48,96.73,9.82,6.37,8.4,6.66,9.26,58.69,10.41,Medium
EMP01906,26,22,84.37,4,70,37,85.18,5.16,8.94,7.15,9.27,7.3,80.7,10.03,Medium
EMP01907,48,24,83.28,7,49,55,72.57,6.83,8.57,9.87,8.79,6.59,73.69,5.86,Medium
EMP01908,53,25,84.74,9,59,59,74.68,5.19,8.01,9.06,9.04,9.72,66.98,4.93,Medium
EMP01909,42,19,90.05,6,69,31,79.74,7.52,5.19,9.07,9.57,5.94,95.71,9.64,Medium
EMP01910,29,2,85.42,0,59,59,86.93,7.01,8.87,7.94,7.57,7.38,96.86,3.35,Medium
EMP01911,59,22,98.95,6,24,62,83.29,8.6,5.66,5.04,9.18,7.09,58.17,11.35,Medium
EMP01912,29,20,89.28,7,57,74,97.31,9.77,9.81,9.16,8.48,9.68,85.32,4.5,Medium
EMP01913,24,1,81.18,2,61,15,85.03,7.6,5.41,5.13,7.32,8.78,88.7,6.1,Medium
EMP01914,24,8,94.59,8,34,21,96.43,6.43,8.6,5.61,5.97,7.32,96.16,9.89,Medium
EMP01915,43,25,86.58,7,79,27,60.22,9.36,6.8,9.19,7.15,8.04,53.66,9.75,Low
EMP01916,27,14,93.07,1,55,28,95.62,8.02,8.68,6.09,6.03,9.54,96.6,8.62,Medium
EMP01917,23,9,85.59,5,22,67,88.86,7.77,7.59,9.21,6.44,9.16,62.32,2.27,Medium
EMP01918,44,2,91.41,3,43,31,66.89,5.94,8.15,6.18,6.42,8.08,92.91,3.66,Medium
EMP01919,23,25,95.44,2,60,44,70.52,5.2,5.38,8.85,8.81,9.58,91.41,8.85,Medium
EMP01920,59,23,98.56,5,67,62,81.71,7.31,9.83,7.71,7.54,6.9,89.68,10.45,Medium
EMP01921,38,5,85.22,9,67,61,65.0,7.64,5.02,8.35,8.97,8.67,64.69,2.85,Medium
EMP01922,56,23,86.7,8,66,63,91.41,5.64,9.71,9.19,9.39,5.08,87.99,11.88,Medium
EMP01923,55,29,89.29,1,75,48,91.65,5.3,7.84,9.92,8.06,7.91,63.09,7.83,Low
EMP01924,44,25,98.54,9,60,41,72.04,6.08,6.29,5.43,7.04,5.68,65.49,10.03,Low
EMP01925,51,8,98.03,9,68,72,62.79,5.32,8.19,8.43,9.28,7.62,90.86,9.64,Medium
EMP01926,29,16,81.8,9,72,39,99.55,5.28,8.36,9.79,7.84,6.23,79.22,2.18,Medium
EMP01927,43,22,82.64,4,31,74,70.03,7.22,8.65,6.87,9.28,6.9,65.07,4.77,Low
EMP01928,57,16,89.91,5,74,58,62.7,9.05,5.08,6.67,6.33,8.96,84.98,6.04,Medium
EMP01929,26,13,82.13,3,27,49,73.2,8.32,9.91,8.4,7.83,5.29,92.88,3.86,Medium
EMP01930,34,20,86.91,6,33,23,98.76,8.4,8.09,7.01,6.06,7.69,77.88,8.51,Medium
EMP01931,50,29,82.97,1,78,20,91.72,6.31,6.89,6.07,8.49,5.72,60.93,7.18,Low
EMP01932,52,15,92.72,6,37,40,79.21,5.06,7.85,5.81,7.93,7.87,78.99,11.79,Medium
EMP01933,37,1,98.99,1,63,52,72.21,7.25,5.89,5.96,7.78,8.17,79.28,3.01,Medium
EMP01934,51,22,99.93,0,78,53,76.93,6.89,6.24,8.52,8.2,5.91,81.55,7.17,Medium
EMP01935,37,3,87.5,4,65,72,60.69,9.74,5.43,9.59,6.88,5.03,89.04,10.9,Low
EMP01936,33,6,91.98,1,39,41,88.73,5.36,9.4,9.03,5.96,5.43,99.04,1.44,Medium
EMP01937,38,22,97.13,7,42,54,63.99,8.88,6.26,7.24,9.03,8.45,55.5,6.47,Medium
EMP01938,37,14,82.35,7,24,73,80.76,6.93,8.7,7.64,6.92,6.9,59.58,3.34,Low
EMP01939,33,4,93.79,0,20,45,82.63,9.15,6.37,8.1,9.94,6.86,90.75,11.54,Medium
EMP01940,29,18,88.18,3,64,17,60.07,7.47,5.73,7.9,7.41,8.46,76.45,8.32,Low
EMP01941,41,15,84.12,8,65,38,99.2,9.1,5.54,9.84,7.45,7.49,87.28,4.0,Medium
EMP01942,24,9,88.06,4,21,29,72.09,7.33,9.3,9.43,8.39,8.19,70.8,11.89,Medium
EMP01943,37,18,81.52,9,35,68,63.09,7.01,5.6,5.22,8.33,9.6,91.94,3.4,Medium
EMP01944,51,3,93.91,5,24,20,94.18,9.82,5.44,9.18,5.9,7.53,71.06,4.64,Medium
EMP01945,44,10,85.05,2,41,25,66.08,6.84,5.05,5.57,6.36,8.19,97.33,8.43,Medium
EMP01946,49,17,86.23,4,20,44,61.0,9.03,6.83,8.45,6.16,8.2,69.55,7.24,Low
EMP01947,26,7,82.42,0,31,49,79.79,5.34,9.71,6.43,5.27,7.67,64.07,10.07,Low
EMP01948,41,15,97.29,7,38,62,65.2,5.31,9.54,8.87,5.11,8.32,55.1,8.36,Low
EMP01949,22,1,89.87,5,73,52,99.3,7.19,5.58,5.04,8.22,9.17,92.43,7.36,Medium
EMP01950,51,27,91.44,1,41,57,60.42,7.93,5.06,6.91,7.49,9.04,97.47,4.69,Medium
EMP01951,42,25,91.39,3,74,54,62.05,8.04,8.76,5.11,9.47,5.29,94.71,4.25,Medium
EMP01952,41,27,88.21,3,61,43,93.33,5.18,6.53,9.77,6.5,9.76,88.0,2.08,Medium
EMP01953,27,11,83.85,8,63,37,69.59,8.48,9.17,5.08,8.94,9.24,71.61,5.43,Medium
EMP01954,43,17,94.9,8,70,56,96.46,5.65,6.08,5.78,5.52,9.85,65.4,9.68,Low
EMP01955,39,5,82.54,4,67,56,72.45,9.78,7.46,7.7,9.08,5.97,64.23,4.13,Medium
EMP01956,29,7,82.08,2,36,69,62.79,6.67,5.16,8.23,9.61,7.68,87.98,10.69,Medium
EMP01957,53,19,94.2,0,32,17,60.42,6.31,9.47,8.64,8.14,7.2,67.24,9.81,Low
EMP01958,54,25,84.18,5,58,40,71.3,6.46,5.89,6.23,8.68,6.88,89.26,11.97,Medium
EMP01959,37,24,86.14,7,47,28,78.95,9.69,6.47,6.5,9.94,7.03,99.11,8.98,Medium
EMP01960,33,29,89.5,0,78,33,60.04,7.41,7.4,6.2,6.89,9.52,59.44,1.54,Low
EMP01961,59,15,88.99,0,22,35,83.24,7.17,6.36,6.22,5.15,8.49,55.71,7.53,Low
EMP01962,55,3,94.17,6,24,74,73.35,7.83,5.2,8.91,8.41,6.62,55.97,4.32,Low
EMP01963,35,15,92.47,6,55,35,75.61,9.65,5.15,9.74,5.07,6.89,52.95,11.43,Low
EMP01964,57,5,92.89,1,79,23,70.46,6.54,9.78,7.98,7.84,7.34,84.55,8.83,Medium
EMP01965,54,23,94.28,2,34,27,81.16,5.9,6.63,5.79,7.99,6.83,79.65,9.61,Medium
EMP01966,44,12,85.85,1,36,55,69.2,7.98,6.67,5.33,7.92,6.05,78.22,7.17,Low
EMP01967,23,20,86.45,5,63,72,65.39,7.46,9.61,6.2,5.83,7.18,79.08,11.64,Low
EMP01968,42,5,88.76,7,74,67,95.63,5.31,9.18,5.89,5.38,5.4,53.48,2.88,Low
EMP01969,23,3,86.15,7,65,58,75.62,7.61,8.43,7.89,9.54,9.27,64.56,5.28,Medium
EMP01970,48,9,99.7,0,48,60,63.08,7.81,8.29,8.49,7.71,9.12,63.29,6.5,Medium
EMP01971,30,26,96.28,8,23,51,69.21,8.47,9.01,5.02,6.62,9.46,73.95,7.09,Medium
EMP01972,22,9,83.29,7,51,52,72.4,9.98,5.84,7.2,8.86,7.23,93.95,9.54,Medium
EMP01973,32,7,80.11,8,68,59,90.79,7.11,8.32,8.11,9.61,8.26,98.61,9.01,Medium
EMP01974,24,26,80.86,8,62,59,60.89,7.55,5.49,5.96,7.02,9.05,80.6,1.6,Medium
EMP01975,44,2,84.88,5,57,38,79.13,5.38,5.63,9.5,5.49,6.57,62.34,8.96,Low
EMP01976,47,23,82.29,2,23,52,76.31,9.16,6.21,7.75,8.46,8.17,69.03,3.89,Medium
EMP01977,25,23,90.67,0,32,60,98.74,5.49,8.55,6.73,9.54,7.19,66.27,5.58,Medium
EMP01978,39,27,97.16,7,39,25,67.2,9.67,9.46,5.09,9.9,6.87,60.2,5.95,Medium
EMP01979,27,21,94.74,9,66,43,85.11,6.74,8.45,7.42,9.07,9.3,98.93,8.63,Medium
EMP01980,56,16,84.31,2,37,59,68.09,6.69,7.08,6.68,6.34,8.12,56.58,8.49,Low
EMP01981,43,9,87.99,6,68,58,81.94,6.64,7.57,9.85,6.79,8.12,78.32,5.16,Medium
EMP01982,36,13,90.16,9,70,62,82.2,9.75,8.56,6.89,5.68,5.78,89.93,9.95,Medium
EMP01983,43,28,96.2,5,61,52,63.01,9.9,8.07,9.61,8.56,6.73,96.98,2.34,Medium
EMP01984,58,27,96.78,2,56,55,78.26,9.87,7.65,8.43,5.85,9.21,60.05,3.56,Medium
EMP01985,33,19,98.19,5,31,31,78.45,8.52,6.18,5.37,7.16,6.07,59.61,5.67,Low
EMP01986,59,20,90.18,2,44,66,72.77,5.56,8.08,9.66,7.66,9.85,74.86,3.41,Medium
EMP01987,39,17,93.89,8,49,62,71.09,6.93,5.09,5.84,6.91,9.16,69.22,11.2,Low
EMP01988,56,6,82.24,0,34,40,68.97,6.45,7.8,7.24,5.75,6.34,62.47,11.21,Low
EMP01989,51,4,91.31,7,74,40,60.24,8.54,9.1,9.62,6.45,5.54,54.72,2.88,Low
EMP01990,45,1,84.97,4,55,26,60.07,7.46,5.9,9.14,8.16,5.85,68.23,5.55,Low
EMP01991,51,18,88.63,3,27,32,83.59,8.08,5.57,7.44,8.63,6.21,64.08,11.91,Low
EMP01992,35,19,92.68,0,47,23,71.66,5.04,9.85,6.03,8.07,6.19,58.6,1.21,Low
EMP01993,27,9,85.14,8,71,17,66.72,8.91,9.22,7.55,9.83,5.08,68.41,1.48,Medium
EMP01994,24,13,81.04,8,41,24,87.39,9.76,6.51,7.74,8.07,8.58,54.08,10.27,Medium
EMP01995,37,8,80.2,4,79,57,81.16,8.35,6.04,9.98,6.13,9.89,95.86,5.2,Medium
EMP01996,28,23,80.44,8,68,16,96.6,9.26,6.67,9.12,7.46,6.43,79.95,9.04,Medium
EMP01997,35,13,80.17,9,57,22,93.24,7.39,7.16,9.31,9.18,5.08,73.96,7.8,Medium
EMP01998,30,15,82.21,8,35,66,89.07,5.1,9.11,9.93,6.63,9.59,56.48,8.64,Low
EMP01999,36,11,84.79,6,77,57,65.06,9.95,6.2,7.62,8.69,6.03,88.87,3.17,Medium
EMP02000,42,12,84.42,7,24,32,86.64,5.29,8.6,7.93,8.93,5.04,53.77,7.02,Low
EMP02001,56,14,99.74,0,65,66,87.76,5.96,9.65,7.27,9.67,6.12,99.25,8.11,Medium
EMP02002,23,4,86.12,3,53,53,90.53,5.26,6.9,5.63,7.01,5.52,92.14,7.07,Medium
EMP02003,48,1,82.55,9,68,45,70.53,8.12,5.13,7.63,6.3,8.63,73.55,11.39,Low
EMP02004,23,24,90.91,9,57,28,85.61,7.92,9.14,7.91,7.54,5.01,83.59,1.18,Medium
EMP02005,56,4,97.16,3,30,53,84.73,6.05,8.54,6.19,9.97,7.21,54.45,3.36,Medium
EMP02006,39,19,93.56,8,21,47,75.41,9.78,5.75,8.91,9.51,7.46,74.43,1.81,Medium
EMP02007,35,9,85.92,2,44,43,86.54,9.57,7.98,5.62,6.42,8.92,90.98,11.6,Medium
EMP02008,41,10,91.23,9,44,58,63.47,6.4,9.12,7.51,5.98,7.61,53.91,3.57,Low
EMP02009,39,4,94.3,9,20,74,85.74,8.29,5.91,8.31,7.38,5.62,60.85,9.14,Low
EMP02010,31,20,94.56,0,50,47,84.24,9.28,6.11,5.27,5.83,7.13,88.87,2.6,Medium
EMP02011,46,9,93.33,4,24,49,68.42,6.8,6.01,9.02,8.79,9.67,72.92,1.57,Medium
EMP02012,23,13,97.42,6,59,16,92.73,6.27,9.99,6.52,5.18,6.18,83.25,3.1,Low
EMP02013,46,12,97.4,3,23,49,94.98,6.28,6.15,8.59,6.12,6.5,90.91,4.04,Medium
EMP02014,54,11,91.58,8,70,46,68.42,9.1,6.33,5.54,5.09,9.37,57.27,6.04,Low
EMP02015,57,12,88.6,5,24,50,63.04,7.32,5.24,8.1,6.13,8.93,73.43,1.24,Low
EMP02016,52,18,92.83,5,24,60,84.14,8.58,9.92,7.79,5.26,6.48,78.13,7.79,Low
EMP02017,35,12,96.36,2,75,69,79.2,8.25,6.23,5.75,8.37,8.54,80.75,8.22,Medium
EMP02018,22,16,80.11,9,35,64,77.1,6.53,8.63,8.12,7.85,5.43,92.39,4.2,Medium
EMP02019,37,5,99.84,9,73,37,90.44,6.04,5.13,8.46,6.07,7.71,73.82,3.91,Medium
EMP02020,24,20,83.66,4,37,19,98.79,5.63,8.92,7.49,6.03,9.35,65.86,3.09,Medium
EMP02021,56,25,89.4,9,62,61,79.11,5.12,8.75,7.89,6.46,9.21,90.12,3.37,Medium
EMP02022,27,12,97.44,5,36,30,60.25,5.41,5.42,9.44,8.99,6.01,94.84,8.15,Medium
EMP02023,46,21,84.5,3,54,54,83.85,6.28,5.61,8.49,5.75,7.67,67.93,7.66,Low
EMP02024,34,25,89.54,2,37,38,86.16,8.57,6.48,9.53,5.61,6.99,86.32,11.06,Medium
EMP02025,55,11,82.65,4,23,67,93.12,5.77,6.77,7.76,7.54,7.8,60.6,10.1,Low
EMP02026,29,9,87.9,6,70,72,67.98,7.62,8.92,5.87,9.32,5.38,54.5,7.34,Low
EMP02027,42,18,83.54,5,50,54,80.97,6.23,5.31,6.23,6.12,9.91,68.83,2.84,Medium
EMP02028,55,25,87.27,1,50,42,77.89,7.56,8.25,5.88,5.53,7.82,70.35,4.56,Low
EMP02029,25,3,87.47,0,28,39,86.58,8.75,6.14,6.68,7.46,5.6,55.7,6.24,Low
EMP02030,46,20,99.86,4,50,21,62.56,6.33,6.91,7.39,8.66,8.21,55.11,5.63,Low
EMP02031,36,17,99.9,4,24,52,95.36,6.74,5.01,6.28,8.09,5.04,85.31,1.71,Medium
EMP02032,25,14,82.3,5,55,21,80.45,8.62,6.46,7.38,7.09,5.03,85.94,4.94,Medium
EMP02033,33,1,94.52,2,35,69,95.08,7.73,5.86,6.82,5.2,5.9,53.62,3.06,Low
EMP02034,53,17,81.03,0,61,65,73.61,5.47,7.52,7.78,6.5,6.35,75.34,7.32,Low
EMP02035,53,25,80.6,3,60,36,86.14,8.79,5.79,7.14,9.6,6.32,77.98,11.23,Medium
EMP02036,49,27,82.11,3,35,36,98.27,6.39,9.18,7.17,6.11,7.22,74.93,2.54,Medium
EMP02037,34,8,99.31,9,39,41,97.74,6.93,9.41,7.45,8.07,7.57,98.96,10.47,Medium
EMP02038,52,5,98.82,1,73,71,97.76,6.23,9.23,9.94,9.54,7.11,72.89,3.88,Medium
EMP02039,35,5,83.88,7,49,47,61.72,7.72,9.91,7.78,7.44,6.87,77.26,8.58,Low
EMP02040,41,9,83.23,5,45,59,76.12,8.54,9.57,8.62,7.23,8.35,65.51,7.68,Low
EMP02041,39,3,84.81,2,68,46,62.43,9.02,6.4,7.08,5.71,6.24,62.61,3.4,Low
EMP02042,50,19,90.31,0,50,53,72.38,9.61,6.57,6.63,9.9,8.14,90.95,5.06,Medium
EMP02043,27,23,91.39,2,69,46,66.98,6.8,7.66,9.58,5.88,9.78,96.4,7.01,Medium
EMP02044,53,9,84.43,7,34,15,84.81,9.66,6.92,8.71,7.41,7.36,66.09,11.03,Medium
EMP02045,50,22,95.13,3,71,24,91.23,8.08,9.85,7.91,5.86,7.56,92.39,3.03,Medium
EMP02046,23,18,86.19,2,60,59,80.53,6.95,6.7,6.68,6.74,8.64,71.09,4.78,Medium
EMP02047,44,16,98.44,3,57,18,91.82,9.44,8.7,6.29,9.42,7.54,76.23,11.94,Medium
EMP02048,40,1,93.13,3,57,43,60.51,7.9,7.88,6.26,8.22,5.72,58.91,9.69,Low
EMP02049,52,2,88.73,1,62,21,92.82,7.27,9.78,7.52,5.05,8.05,79.22,5.23,Medium
EMP02050,26,14,95.8,3,76,52,67.13,5.06,8.72,9.37,9.83,7.54,97.63,2.56,Medium
EMP02051,40,14,96.36,8,79,20,78.44,8.59,6.52,9.41,8.92,9.76,52.53,6.51,Medium
EMP02052,55,1,85.81,3,39,67,77.7,5.39,5.99,8.72,9.99,5.47,63.06,7.42,Low
EMP02053,31,26,86.79,0,54,25,94.93,6.45,9.27,7.71,8.81,7.68,84.72,3.84,Medium
EMP02054,46,26,98.72,0,42,69,98.64,9.81,9.56,6.17,8.82,8.08,63.43,8.83,Medium
EMP02055,23,25,83.29,0,63,23,70.2,5.78,9.16,7.39,8.5,8.1,68.4,6.95,Low
EMP02056,32,16,80.84,4,66,44,62.7,6.56,8.69,8.47,7.12,5.3,64.5,5.04,Low
EMP02057,52,15,89.08,5,58,36,86.02,9.66,6.61,7.98,6.57,6.64,98.37,4.19,Medium
EMP02058,36,26,96.02,5,44,72,80.11,6.69,7.53,7.57,7.63,6.31,74.36,4.13,Medium
EMP02059,30,15,95.43,5,73,53,82.63,6.64,9.58,7.14,5.89,8.4,56.69,9.69,Low
EMP02060,44,12,98.39,8,69,23,61.85,8.24,5.67,8.76,8.61,8.68,56.11,6.48,Medium
EMP02061,40,16,90.66,0,41,69,91.01,5.66,7.47,9.21,9.99,6.05,65.52,4.11,Medium
EMP02062,30,14,82.0,9,66,52,69.29,9.86,6.78,8.61,8.0,9.13,70.05,9.67,Medium
EMP02063,56,29,91.77,5,27,65,73.4,6.38,8.39,9.69,9.28,7.43,64.44,1.24,Medium
EMP02064,42,24,95.57,7,73,60,69.13,8.93,8.17,8.9,5.86,6.31,77.53,11.95,Low
EMP02065,30,15,81.87,7,28,47,97.84,6.44,7.8,7.25,9.13,6.5,93.59,10.78,Medium
EMP02066,49,23,83.45,2,34,40,66.75,6.38,6.4,8.08,9.54,6.32,89.41,9.17,Medium
EMP02067,28,15,80.25,4,67,30,89.29,5.29,5.8,7.52,9.19,8.02,78.95,3.93,Medium
EMP02068,37,19,91.87,9,39,23,69.83,5.6,8.92,7.73,8.14,7.64,86.21,10.79,Medium
EMP02069,37,8,97.73,3,54,37,77.0,7.61,9.96,9.48,9.63,9.69,83.12,9.98,Medium
EMP02070,54,2,93.41,0,78,29,99.84,7.88,5.85,6.5,9.81,6.37,53.3,9.82,Medium
EMP02071,25,2,99.64,8,56,33,64.02,9.08,5.38,5.07,9.08,6.6,81.73,2.93,Medium
EMP02072,25,27,81.26,4,22,56,95.25,5.3,8.73,8.48,7.74,5.03,93.6,7.77,Medium
EMP02073,38,10,98.06,1,78,30,97.84,6.78,6.72,5.91,9.18,6.49,91.5,10.9,Medium
EMP02074,58,3,96.28,1,79,39,87.93,6.0,6.07,5.77,6.86,6.25,73.5,6.55,Low
EMP02075,50,23,86.28,6,53,49,60.4,6.79,7.63,9.96,6.73,7.01,66.29,7.07,Low
EMP02076,57,17,99.47,3,53,65,92.83,6.77,8.38,6.33,6.74,7.48,68.89,5.49,Medium
EMP02077,59,8,85.76,0,55,27,95.29,6.77,6.07,6.02,6.0,8.35,78.29,8.37,Medium
EMP02078,58,28,97.79,4,54,60,99.24,6.55,9.97,5.95,8.11,5.96,70.48,10.46,Medium
EMP02079,56,23,97.61,1,28,21,93.57,8.82,6.64,7.06,8.31,7.78,67.42,6.61,Medium
EMP02080,28,4,95.15,6,49,48,77.82,8.45,6.57,7.05,9.3,8.64,55.93,11.66,Medium
EMP02081,48,14,91.27,8,74,72,87.55,6.71,7.12,8.16,8.47,6.21,55.31,5.44,Low
EMP02082,49,21,82.4,0,73,28,79.41,5.73,8.73,5.52,8.9,6.76,51.47,2.34,Low
EMP02083,43,10,90.64,1,45,37,74.12,7.59,9.37,8.18,8.44,6.03,99.69,1.16,Medium
EMP02084,35,29,87.14,5,31,37,85.06,9.59,6.62,7.27,8.49,5.56,68.13,7.37,Medium
EMP02085,28,1,95.84,7,43,31,90.79,5.62,5.59,6.04,6.7,8.78,53.63,9.95,Low
EMP02086,58,4,95.16,6,60,27,85.44,8.77,6.28,8.89,9.83,6.2,78.38,10.33,Medium
EMP02087,43,1,98.21,8,38,72,93.06,8.0,5.42,7.37,8.19,6.84,83.75,11.6,Medium
EMP02088,26,17,80.3,1,63,41,67.05,7.94,8.15,8.59,7.94,6.24,84.04,6.79,Medium
EMP02089,23,26,96.18,8,35,16,74.95,9.67,8.7,9.6,9.24,5.22,98.47,3.31,Medium
EMP02090,48,17,98.77,3,45,51,72.5,9.78,7.15,6.77,7.1,8.64,60.66,8.46,Medium
EMP02091,42,7,95.79,2,42,44,67.77,6.22,9.76,9.49,5.48,8.22,94.74,10.82,Medium
EMP02092,59,23,82.6,6,76,18,77.73,9.04,8.64,6.0,6.2,7.38,95.31,3.04,Medium
EMP02093,36,20,81.63,4,52,44,97.91,8.1,6.9,6.11,9.04,8.37,72.89,4.83,Medium
EMP02094,42,15,80.42,4,61,17,81.52,7.04,5.51,8.32,8.66,9.23,97.64,9.61,Medium
EMP02095,31,13,92.57,1,76,72,71.46,8.33,7.47,5.51,5.59,8.09,60.09,3.58,Low
EMP02096,44,28,92.59,5,49,28,74.16,9.78,7.52,7.27,5.35,9.53,66.98,10.88,Low
EMP02097,26,2,99.74,5,42,25,84.52,7.58,7.75,6.07,8.11,6.01,87.97,10.27,Medium
EMP02098,22,28,87.96,3,29,54,74.11,9.7,8.41,7.85,9.69,9.42,97.26,6.56,High
EMP02099,34,19,86.64,4,55,37,81.53,8.21,6.32,9.03,5.87,7.71,53.9,11.97,Low
EMP02100,42,24,92.49,6,50,55,70.97,7.41,5.01,5.21,7.75,9.21,83.64,4.25,Medium
EMP02101,47,13,96.51,7,62,62,73.84,8.22,9.06,7.07,9.06,8.72,97.16,11.25,Medium
EMP02102,42,24,98.74,5,79,46,88.23,8.01,9.12,8.65,7.64,5.29,55.15,4.2,Low
EMP02103,39,11,96.06,4,41,17,83.38,7.11,9.56,6.71,6.76,9.19,59.15,8.64,Low
EMP02104,58,27,88.53,2,62,56,63.74,7.81,9.85,5.21,8.95,6.69,83.86,9.31,Medium
EMP02105,53,22,92.7,6,62,15,98.93,8.52,5.8,7.96,8.86,7.12,81.61,8.15,Medium
EMP02106,57,15,97.13,7,73,23,61.97,9.19,6.77,5.6,9.15,5.06,64.92,6.9,Low
EMP02107,38,10,89.81,2,57,62,63.32,6.52,9.26,6.85,9.73,8.79,96.83,8.18,Medium
EMP02108,56,9,84.33,4,66,23,88.06,5.07,9.67,9.95,5.75,7.33,69.33,1.25,Low
EMP02109,32,27,83.39,1,21,74,88.32,7.76,5.07,6.99,6.7,9.7,67.07,10.69,Medium
EMP02110,42,28,80.0,9,72,26,60.76,7.45,6.94,9.21,9.93,6.4,92.06,6.86,Medium
EMP02111,47,9,94.36,9,42,15,85.71,5.27,5.57,9.3,7.97,7.48,78.08,6.33,Medium
EMP02112,25,20,82.22,3,73,30,61.33,8.16,8.94,6.31,8.35,7.06,72.1,7.32,Low
EMP02113,55,28,84.88,3,54,44,98.43,9.71,8.74,7.98,9.42,8.96,77.24,7.28,Medium
EMP02114,39,1,85.96,7,78,22,87.85,7.01,8.77,9.74,8.46,7.68,85.85,9.02,Medium
EMP02115,56,17,91.21,2,79,60,67.46,9.47,6.95,8.03,8.42,7.3,54.17,1.96,Low
EMP02116,50,12,87.96,4,56,60,66.32,9.07,7.03,9.07,5.52,9.73,66.68,11.35,Low
EMP02117,50,10,93.49,4,51,24,82.79,5.81,6.31,7.31,7.53,6.89,93.03,11.35,Medium
EMP02118,59,5,81.11,1,75,47,85.34,8.94,6.8,8.6,8.37,7.45,86.63,1.14,Medium
EMP02119,42,29,82.48,8,62,52,93.25,7.58,9.92,5.11,9.04,7.77,53.69,6.77,Medium
EMP02120,34,18,89.98,3,72,55,96.13,9.59,5.23,8.94,7.07,5.27,73.01,9.06,Medium
EMP02121,38,15,86.74,8,31,65,75.7,5.95,6.62,8.36,5.62,7.63,65.4,4.08,Low
EMP02122,30,6,85.92,8,77,36,93.76,5.63,8.95,6.79,6.83,6.68,89.65,8.03,Medium
EMP02123,22,7,81.34,1,54,30,81.7,6.21,6.91,7.08,7.15,8.25,57.19,8.22,Low
EMP02124,23,17,97.91,8,60,33,78.82,5.3,9.75,6.63,8.76,8.22,57.24,3.39,Medium
EMP02125,50,6,93.84,8,78,25,87.96,6.6,6.66,7.62,5.1,8.56,87.08,3.32,Medium
EMP02126,54,8,82.43,1,22,67,64.13,6.42,9.25,5.54,6.93,7.0,99.36,9.28,Medium
EMP02127,31,12,81.3,5,53,25,70.62,7.08,9.08,9.22,7.24,5.52,69.5,8.8,Low
EMP02128,42,21,99.5,8,57,28,92.67,7.31,5.05,7.39,7.75,7.2,93.17,10.49,Medium
EMP02129,49,14,93.62,3,43,53,80.16,5.72,7.01,5.22,9.85,7.76,69.91,10.72,Medium
EMP02130,32,12,88.35,1,57,73,96.32,8.1,6.4,7.76,8.7,5.12,82.84,2.74,Medium
EMP02131,55,23,94.03,6,36,40,63.55,6.12,7.4,9.65,6.11,7.74,74.34,9.83,Low
EMP02132,29,10,95.13,8,59,58,72.54,5.61,7.31,5.44,8.17,7.0,87.16,8.3,Medium
EMP02133,43,22,95.6,5,20,34,74.22,8.54,9.53,5.62,6.73,7.39,52.86,8.09,Low
EMP02134,29,20,89.56,3,76,34,76.91,5.11,5.92,6.94,9.06,6.52,77.48,3.97,Medium
EMP02135,36,15,88.6,0,27,69,99.47,6.84,5.91,8.68,5.86,7.46,99.92,10.12,Medium
EMP02136,38,7,80.22,3,73,19,72.43,5.72,5.54,8.02,5.72,9.41,87.58,11.89,Low
EMP02137,44,26,98.53,2,34,15,80.75,9.41,8.69,7.29,5.51,8.94,61.51,2.79,Medium
EMP02138,45,9,92.07,6,69,25,81.44,9.12,9.59,9.96,7.72,8.08,65.28,9.14,Medium
EMP02139,40,10,84.06,9,64,61,90.83,5.3,6.84,5.93,5.62,8.13,84.46,5.18,Medium
EMP02140,26,10,98.39,4,44,24,80.71,7.75,5.31,9.11,5.21,9.48,57.45,3.07,Low
EMP02141,53,16,98.3,2,27,61,84.23,6.48,5.78,5.62,6.66,7.4,50.35,2.52,Low
EMP02142,22,29,99.78,1,71,42,90.13,5.96,5.51,5.9,8.99,7.7,88.64,3.3,Medium
EMP02143,44,7,97.48,1,51,59,64.05,6.56,7.96,6.48,5.78,9.3,79.97,10.37,Low
EMP02144,58,28,99.96,4,69,61,98.54,9.08,6.41,9.37,6.79,8.77,83.64,7.03,Medium
EMP02145,29,5,84.89,7,32,48,93.85,5.29,9.49,7.22,7.18,7.17,51.1,10.81,Low
EMP02146,34,23,96.84,7,65,68,75.55,8.24,5.81,6.98,9.38,6.53,68.93,11.0,Medium
EMP02147,29,3,96.46,4,34,27,89.14,9.57,9.65,7.45,7.38,7.59,76.59,2.66,Medium
EMP02148,44,18,84.62,1,25,58,90.49,7.24,6.66,8.15,7.56,5.6,84.89,7.92,Medium
EMP02149,22,11,81.97,3,52,39,94.01,9.51,9.34,7.12,6.27,8.4,92.23,1.56,Medium
EMP02150,45,15,99.59,6,26,37,67.53,9.53,9.74,9.81,8.34,7.32,64.33,4.01,Medium
EMP02151,56,21,85.92,5,52,50,88.15,8.05,9.93,5.68,5.13,7.97,95.35,2.91,Medium
EMP02152,45,20,97.42,9,66,74,61.33,7.28,9.02,7.38,9.82,9.23,83.61,10.23,Medium
EMP02153,38,5,80.08,6,48,26,64.62,8.69,5.51,7.08,7.49,6.78,69.93,5.01,Low
EMP02154,26,24,80.42,4,57,61,91.04,9.58,5.28,8.46,5.31,7.49,83.09,11.93,Medium
EMP02155,41,12,89.32,1,56,59,92.52,8.4,8.7,9.82,7.8,7.78,83.06,2.55,Medium
EMP02156,42,4,84.77,7,63,16,83.7,6.05,9.49,6.44,7.57,6.4,60.68,3.51,Low
EMP02157,52,15,93.8,1,51,34,83.27,9.1,5.83,9.78,6.2,6.37,50.31,8.09,Low
EMP02158,57,9,91.31,7,77,30,89.98,9.76,9.71,9.14,6.04,7.63,56.13,11.66,Low
EMP02159,32,7,81.55,6,22,28,96.24,7.05,8.05,9.05,6.35,6.29,97.75,9.07,Medium
EMP02160,36,10,83.25,2,73,67,76.84,8.49,5.62,5.37,5.65,9.31,92.92,2.38,Medium
EMP02161,40,29,87.76,3,39,16,64.59,7.59,5.84,9.7,7.66,9.97,58.62,5.56,Low
EMP02162,28,28,83.71,6,33,63,93.56,5.56,5.33,9.19,9.39,6.05,82.97,11.96,Medium
EMP02163,49,23,95.84,3,47,30,73.67,6.75,5.72,8.42,9.62,7.88,95.81,1.76,Medium
EMP02164,26,13,88.32,8,57,18,65.35,5.82,8.66,5.64,9.76,5.73,95.8,4.14,Medium
EMP02165,26,29,81.87,6,23,57,84.58,8.37,6.09,7.1,8.0,5.93,78.22,2.37,Medium
EMP02166,51,8,89.69,0,34,27,83.12,7.91,7.81,9.2,8.11,8.83,86.17,10.02,Medium
EMP02167,53,12,81.82,0,36,52,78.97,5.17,8.61,7.19,6.55,6.0,69.7,10.17,Low
EMP02168,29,22,82.58,3,56,63,94.39,5.31,9.48,7.18,9.43,8.75,53.61,4.78,Medium
EMP02169,31,24,84.79,8,43,15,70.89,6.3,7.95,6.35,7.44,7.02,76.44,4.7,Low
EMP02170,59,19,97.19,3,57,23,60.53,8.72,7.85,5.26,6.4,7.4,65.91,9.95,Low
EMP02171,53,26,98.49,4,61,35,72.94,5.63,9.56,7.57,9.83,6.3,70.35,2.73,Medium
EMP02172,49,26,96.53,0,60,32,60.39,6.02,6.47,8.87,8.53,7.74,58.69,10.04,Low
EMP02173,38,1,86.68,1,55,57,81.74,9.54,6.02,5.73,7.32,6.66,86.76,2.06,Medium
EMP02174,52,16,85.45,3,77,46,75.13,7.73,9.36,9.47,5.34,5.87,97.41,4.24,Medium
EMP02175,29,22,90.98,3,60,60,92.56,8.1,5.37,7.78,5.7,5.7,85.04,6.54,Medium
EMP02176,46,17,94.44,9,27,48,91.9,7.28,5.95,9.06,5.98,10.0,74.61,2.33,Medium
EMP02177,30,25,99.87,5,22,34,77.39,6.5,7.06,8.34,9.51,6.73,70.97,1.82,Medium
EMP02178,23,18,82.63,5,49,57,68.66,6.25,6.81,5.67,9.86,9.02,77.55,3.97,Medium
EMP02179,36,11,80.99,7,41,16,76.9,7.95,8.53,9.53,6.33,6.71,82.56,7.45,Low
EMP02180,24,18,93.89,8,71,18,85.65,7.35,5.46,8.59,7.49,8.11,56.34,9.95,Low
EMP02181,57,7,96.64,0,52,73,67.61,7.02,7.39,5.18,8.96,9.21,89.53,9.06,Medium
EMP02182,25,18,96.93,0,44,59,90.92,8.47,9.04,7.9,6.92,8.48,50.27,7.02,Low
EMP02183,35,26,93.57,5,71,52,73.22,7.02,8.42,7.4,7.46,5.35,92.25,8.27,Medium
EMP02184,46,8,99.08,3,78,21,97.29,5.18,8.16,9.3,9.44,5.96,75.12,6.91,Medium
EMP02185,31,6,90.22,3,49,36,80.47,9.2,6.2,5.61,6.04,9.37,71.73,6.95,Medium
EMP02186,42,7,98.28,0,56,34,93.89,6.59,6.97,7.95,9.97,7.36,56.04,1.18,Medium
EMP02187,57,23,99.36,8,22,72,84.64,9.73,5.9,6.55,7.28,7.99,79.21,5.21,Medium
EMP02188,33,22,96.94,2,23,49,82.18,9.4,7.54,6.23,6.29,5.12,54.45,7.15,Low
EMP02189,48,10,86.2,4,48,18,87.29,6.17,7.92,5.11,9.46,7.44,93.3,7.54,Medium
EMP02190,23,11,83.92,9,76,74,92.46,9.83,8.16,6.66,5.38,7.15,65.11,6.59,Low
EMP02191,34,25,90.96,0,51,67,85.78,9.27,9.38,6.98,8.21,8.43,58.63,8.68,Medium
EMP02192,53,13,89.06,7,42,34,91.89,9.93,5.31,7.24,5.31,6.37,62.56,5.05,Low
EMP02193,52,9,97.56,2,75,49,67.62,8.39,6.94,8.67,9.73,8.72,76.66,2.57,Medium
EMP02194,37,7,82.0,0,38,47,71.1,9.65,7.95,7.02,8.2,8.35,78.0,1.35,Medium
EMP02195,53,9,85.15,9,34,65,69.19,8.45,7.85,5.98,6.99,7.55,66.92,7.27,Low
EMP02196,53,13,95.04,5,70,73,91.93,9.28,5.11,6.99,7.12,6.88,89.42,6.47,Medium
EMP02197,55,26,81.9,0,35,35,63.45,8.05,5.95,5.35,5.83,6.51,68.9,3.59,Low
EMP02198,32,3,86.42,2,42,59,91.83,9.65,9.23,9.86,6.8,7.68,71.88,3.44,Medium
EMP02199,31,3,87.74,4,59,28,75.56,7.59,7.58,5.33,9.52,7.88,56.5,7.4,Medium
EMP02200,36,1,92.45,3,65,45,63.18,8.68,7.07,6.01,9.03,7.24,56.78,2.18,Low
EMP02201,38,21,83.16,6,56,36,76.98,9.58,9.5,7.14,8.31,6.6,55.06,2.49,Low
EMP02202,39,20,97.21,5,20,74,72.02,7.11,5.37,9.67,9.84,9.4,57.33,3.74,Medium
EMP02203,30,2,88.95,2,38,62,83.68,5.13,9.61,5.89,7.87,6.55,95.01,10.73,Medium
EMP02204,46,25,98.34,7,56,44,78.9,5.57,5.14,7.0,5.88,8.36,84.25,8.76,Medium
EMP02205,35,3,89.36,7,54,43,71.87,9.86,7.81,9.95,8.57,9.52,83.6,7.13,Medium
EMP02206,46,15,85.5,1,49,50,94.49,9.37,7.78,8.01,7.96,8.23,57.3,5.06,Medium
EMP02207,43,24,82.84,6,36,63,76.27,7.42,8.2,8.07,7.18,6.83,75.97,5.59,Low
EMP02208,51,6,80.07,0,58,56,78.83,9.8,5.15,9.87,5.73,6.49,74.43,2.89,Low
EMP02209,41,13,90.64,1,68,43,93.87,5.93,7.65,7.53,8.39,9.27,64.38,10.25,Medium
EMP02210,42,21,82.14,7,45,21,63.56,5.55,5.57,5.01,7.22,7.45,63.5,3.0,Low
EMP02211,53,1,87.83,0,32,46,75.6,8.01,5.78,5.15,7.89,7.97,88.12,9.37,Medium
EMP02212,42,20,91.79,1,73,27,76.11,6.91,6.08,8.41,6.58,7.98,64.91,3.63,Low
EMP02213,56,19,85.51,0,41,71,79.83,6.7,8.07,6.06,5.78,7.67,79.62,9.32,Low
EMP02214,53,1,83.5,4,65,27,64.24,8.67,6.95,7.39,6.8,9.66,95.97,4.34,Medium
EMP02215,51,28,95.49,6,42,68,64.11,5.75,5.43,7.76,9.26,9.66,75.69,11.79,Medium
EMP02216,33,21,98.94,5,63,28,76.66,8.89,6.45,8.34,5.8,5.2,80.2,11.12,Low
EMP02217,39,22,82.01,5,62,20,61.32,6.8,5.38,5.42,7.36,7.53,93.76,10.64,Medium
EMP02218,42,2,83.11,5,52,30,70.2,9.93,8.32,8.8,6.49,7.83,86.05,2.99,Medium
EMP02219,34,15,99.2,7,46,55,68.05,9.04,7.79,9.6,9.81,9.63,50.67,1.92,Medium
EMP02220,42,14,80.76,4,54,66,79.58,8.23,7.04,6.28,5.42,5.35,57.24,11.61,Low
EMP02221,29,19,99.55,9,31,62,60.45,6.15,9.64,6.9,6.23,8.95,63.45,5.79,Low
EMP02222,28,11,80.09,6,28,35,87.03,9.78,7.59,8.72,7.25,8.21,71.52,10.63,Medium
EMP02223,44,15,97.47,2,53,67,94.22,5.16,9.44,6.24,6.24,8.66,63.8,6.36,Low
EMP02224,53,6,86.15,8,33,58,88.27,6.12,7.9,7.71,8.53,6.46,73.07,8.14,Medium
EMP02225,32,20,98.77,9,56,30,92.72,5.18,6.88,8.3,6.85,8.73,89.19,9.31,Medium
EMP02226,43,9,86.34,2,22,19,85.73,9.83,7.69,9.4,8.9,6.41,98.65,6.88,Medium
EMP02227,43,5,93.09,5,63,38,80.29,9.36,5.76,6.73,7.76,8.38,81.47,11.31,Medium
EMP02228,46,20,81.6,2,63,57,68.76,9.76,8.37,7.46,7.13,8.94,93.51,1.53,Medium
EMP02229,43,2,84.85,0,40,15,71.19,8.58,9.91,5.92,6.82,8.92,67.19,10.18,Low
EMP02230,49,6,95.47,0,26,24,72.71,5.14,6.24,6.54,6.11,7.72,56.84,8.57,Low
EMP02231,50,26,90.57,2,52,57,61.52,9.66,6.62,5.47,6.26,7.07,91.65,4.64,Medium
EMP02232,34,18,98.56,3,54,61,96.52,7.1,7.03,5.99,5.88,6.22,88.58,6.17,Medium
EMP02233,39,28,88.58,1,30,72,96.01,6.84,7.42,6.73,9.26,5.17,61.81,6.19,Medium
EMP02234,23,29,97.4,8,64,73,64.31,6.42,8.6,7.12,7.74,5.24,76.93,1.47,Low
EMP02235,50,23,88.98,7,51,49,82.27,6.43,5.68,8.53,7.41,7.09,99.69,6.89,Medium
EMP02236,42,19,99.58,2,41,45,78.71,9.0,6.51,7.29,6.61,5.47,98.59,1.73,Medium
EMP02237,36,9,99.2,6,74,70,87.34,6.28,7.69,5.25,7.58,5.56,72.61,6.68,Low
EMP02238,48,27,86.58,3,61,29,84.12,6.11,7.95,8.78,9.41,5.97,64.18,3.37,Medium
EMP02239,52,21,97.72,4,38,25,64.97,8.49,7.68,7.66,9.28,7.41,64.68,10.17,Medium
EMP02240,36,24,96.95,3,55,23,86.4,6.44,7.18,9.7,8.0,7.96,93.91,1.76,Medium
EMP02241,44,27,84.21,8,73,16,84.35,5.07,8.56,8.18,7.65,8.47,83.45,4.25,Medium
EMP02242,45,6,92.49,6,56,58,81.25,9.66,6.02,7.67,6.13,7.43,79.97,5.49,Medium
EMP02243,34,14,81.45,3,30,66,76.1,6.57,6.41,6.47,8.46,8.32,63.4,7.62,Low
EMP02244,43,28,96.73,7,60,44,98.2,8.82,7.22,6.18,9.27,9.31,70.32,11.86,Medium
EMP02245,58,26,83.49,1,32,30,93.98,7.34,8.48,6.15,6.53,6.87,77.89,2.42,Medium
EMP02246,54,24,81.42,6,47,70,83.4,5.67,5.41,7.04,7.18,8.44,76.06,5.1,Medium
EMP02247,24,29,88.0,0,68,62,60.26,8.31,5.58,5.86,5.53,8.29,52.63,8.49,Low
EMP02248,40,13,91.54,7,34,67,77.28,6.16,8.91,9.22,9.29,8.18,74.34,5.11,Medium
EMP02249,44,11,97.1,5,32,15,88.01,6.44,6.3,9.03,5.49,7.92,80.53,3.65,Medium
EMP02250,50,12,99.48,4,72,62,64.69,5.16,9.82,8.64,8.52,8.63,89.38,9.96,Medium
EMP02251,51,19,88.79,8,62,20,76.26,5.08,9.81,5.24,5.93,9.09,56.43,3.06,Low
EMP02252,46,19,81.21,8,52,60,67.67,7.57,8.43,5.36,8.67,6.96,91.23,4.7,Medium
EMP02253,58,21,94.98,2,27,71,73.53,5.29,8.58,8.18,8.21,8.27,54.65,3.65,Low
EMP02254,29,27,91.3,8,74,71,61.07,6.05,8.26,8.74,8.45,6.24,74.97,11.57,Low
EMP02255,37,26,88.96,8,51,25,65.07,9.62,5.89,5.13,8.18,8.78,54.24,10.2,Low
EMP02256,29,19,86.19,1,56,47,78.19,5.41,7.5,6.45,6.98,9.4,90.87,6.07,Medium
EMP02257,22,24,90.05,4,73,66,95.93,6.45,8.97,5.68,8.1,8.81,73.19,10.24,Medium
EMP02258,26,26,86.77,1,67,31,79.62,8.63,8.87,6.16,6.17,7.46,81.03,8.51,Medium
EMP02259,24,13,95.14,0,23,69,78.12,9.42,9.49,7.59,6.37,5.67,74.94,4.93,Low
EMP02260,22,28,90.88,6,76,65,91.5,5.23,9.5,5.55,5.33,9.37,73.06,3.3,Medium
EMP02261,25,14,97.54,3,70,48,70.71,5.93,6.31,6.15,8.06,9.07,59.13,4.97,Low
EMP02262,56,24,90.87,4,37,60,63.8,6.94,8.61,7.82,9.2,8.49,97.17,6.7,Medium
EMP02263,53,18,84.77,3,42,54,68.38,6.8,8.26,7.54,6.89,9.26,86.43,3.2,Medium
EMP02264,55,12,97.02,5,48,39,91.65,6.44,9.43,9.29,6.04,7.67,78.34,4.01,Medium
EMP02265,46,4,91.14,1,21,69,87.08,6.21,5.92,5.75,9.12,9.95,60.29,8.11,Medium
EMP02266,31,10,84.14,7,32,36,63.66,6.34,8.7,6.85,8.22,9.19,70.02,8.97,Low
EMP02267,42,29,92.47,3,35,40,86.68,5.67,7.12,9.62,9.47,5.82,67.12,6.02,Medium
EMP02268,48,17,87.15,7,73,41,97.26,5.82,6.97,8.98,5.03,7.01,87.78,11.67,Low
EMP02269,48,4,96.89,2,78,52,61.8,8.03,5.18,7.99,7.01,5.85,59.65,4.36,Low
EMP02270,23,12,89.07,4,27,23,84.66,6.46,9.81,8.84,9.5,6.12,83.36,11.03,Medium
EMP02271,34,13,94.53,2,38,51,75.17,7.0,8.38,7.24,8.38,7.5,95.13,4.02,Medium
EMP02272,30,29,81.91,6,51,19,80.04,7.06,7.95,9.55,7.34,6.81,91.92,9.09,Medium
EMP02273,57,27,87.92,2,22,32,81.13,5.55,6.26,8.0,7.07,9.55,66.97,11.98,Low
EMP02274,43,29,99.66,7,70,36,90.84,9.1,8.29,8.48,9.48,5.0,57.59,10.17,Medium
EMP02275,47,4,96.17,8,68,60,82.28,9.78,9.73,8.26,9.16,5.05,68.13,6.23,Medium
EMP02276,33,10,83.2,1,51,26,83.72,6.32,5.82,8.36,5.06,9.6,69.72,2.37,Low
EMP02277,38,25,85.56,2,60,74,73.32,6.47,9.92,8.21,5.61,6.2,76.87,11.63,Low
EMP02278,35,3,86.6,6,40,58,65.04,8.47,7.14,5.37,7.56,5.01,52.26,8.93,Low
EMP02279,35,15,93.01,4,44,36,87.31,5.4,9.89,8.02,5.57,7.19,75.54,10.22,Low
EMP02280,55,2,95.14,9,72,20,60.02,9.54,8.17,8.92,6.37,5.98,80.25,7.3,Low
EMP02281,41,25,94.99,6,74,50,73.15,5.6,6.62,5.0,9.17,5.27,97.1,6.26,Medium
EMP02282,32,25,90.2,1,36,41,68.72,8.66,6.87,9.46,6.93,7.65,86.24,1.86,Medium
EMP02283,37,17,96.22,3,44,61,75.54,6.46,6.45,9.76,7.25,5.7,51.41,1.68,Low
EMP02284,52,6,88.74,0,52,69,72.45,6.62,6.67,5.64,5.87,9.18,58.76,7.4,Low
EMP02285,27,26,82.48,4,50,29,88.17,5.7,8.23,7.68,8.01,6.51,73.77,3.08,Medium
EMP02286,40,8,91.29,7,55,71,70.41,8.23,5.08,5.55,5.6,6.11,98.8,8.42,Medium
EMP02287,58,3,99.05,0,42,31,82.43,8.97,9.84,6.42,8.15,8.7,80.06,11.53,Medium
EMP02288,25,27,95.86,6,78,17,78.23,9.75,8.84,8.11,8.73,9.24,92.21,4.91,Medium
EMP02289,25,25,91.57,6,66,24,92.04,6.66,9.71,6.51,9.37,5.47,55.2,9.11,Low
EMP02290,41,18,92.94,6,63,39,77.12,8.11,8.59,6.83,7.91,5.76,71.86,11.02,Low
EMP02291,31,22,98.61,0,44,35,94.56,7.07,7.41,8.73,6.66,7.37,51.12,10.28,Low
EMP02292,45,1,88.57,2,68,68,60.01,7.79,5.95,7.87,9.26,7.95,62.42,1.92,Medium
EMP02293,56,29,86.63,1,63,54,84.19,5.81,7.58,7.59,7.98,5.42,90.57,8.45,Medium
EMP02294,47,16,99.54,4,67,23,60.39,7.91,8.56,6.62,6.79,6.88,81.11,4.33,Medium
EMP02295,58,7,97.27,1,49,38,88.56,9.25,9.27,8.52,6.61,9.49,64.1,10.93,Medium
EMP02296,59,3,86.46,4,32,46,69.4,9.32,6.62,7.12,6.6,9.38,92.1,2.88,Medium
EMP02297,42,23,89.28,4,62,17,75.2,7.42,7.55,9.49,5.28,6.56,86.76,3.45,Low
EMP02298,42,4,88.3,3,66,72,75.22,6.18,8.1,8.01,5.51,6.14,75.09,6.41,Low
EMP02299,31,9,82.98,6,48,47,93.86,9.18,7.94,7.69,5.45,7.91,52.21,4.64,Low
EMP02300,59,5,99.16,9,35,57,64.08,10.0,5.26,9.02,6.56,5.48,95.32,4.95,Medium
EMP02301,25,19,88.09,5,57,59,86.68,6.89,7.42,7.43,7.37,6.17,83.45,5.67,Medium
EMP02302,41,15,97.51,1,46,26,99.25,9.62,9.05,6.4,5.74,5.83,90.67,2.58,Medium
EMP02303,38,8,83.79,3,45,43,60.9,9.92,9.01,5.78,9.14,6.04,96.79,2.06,Medium
EMP02304,28,6,90.96,6,30,35,98.64,6.98,7.54,7.81,5.33,6.07,56.92,3.12,Low
EMP02305,25,18,80.48,8,66,53,60.74,8.58,9.76,7.12,9.73,8.14,87.64,6.87,Medium
EMP02306,50,19,95.28,8,56,48,93.65,7.91,9.13,6.99,5.37,7.44,57.73,5.41,Low
EMP02307,35,24,91.62,2,22,47,98.45,8.61,8.69,6.75,9.47,9.31,75.78,8.3,Medium
EMP02308,24,15,92.51,0,45,46,99.72,5.77,7.58,8.36,6.3,8.68,86.35,8.62,Medium
EMP02309,45,26,81.03,8,53,34,78.36,6.83,7.95,7.59,9.93,7.49,76.02,7.93,Medium
EMP02310,58,7,84.22,7,52,17,94.68,5.31,6.12,7.69,7.61,6.54,73.63,3.5,Medium
EMP02311,37,10,81.49,6,34,18,64.89,8.07,7.66,6.54,5.09,9.16,64.17,7.85,Low
EMP02312,25,6,85.78,5,21,31,77.02,9.63,7.63,8.07,6.41,5.4,88.4,7.19,Medium
EMP02313,45,14,92.55,9,47,64,72.32,7.8,6.01,7.02,9.7,8.4,54.47,8.01,Medium
EMP02314,55,17,91.32,6,39,31,75.81,5.35,9.76,8.85,6.5,5.57,61.59,3.74,Low
EMP02315,51,9,92.24,8,57,33,88.08,9.65,6.22,7.65,6.8,7.66,52.26,11.87,Low
EMP02316,39,19,90.99,5,63,18,63.5,5.66,5.52,6.45,5.22,9.51,58.85,11.86,Low
EMP02317,40,5,85.46,9,72,43,99.93,9.41,7.34,5.74,6.27,6.19,70.38,10.67,Low
EMP02318,52,23,84.89,2,35,31,85.4,8.57,8.43,8.5,6.3,5.39,51.49,3.62,Low
EMP02319,40,7,82.74,2,65,36,94.94,8.18,5.98,6.86,8.58,6.7,61.34,9.28,Medium
EMP02320,40,19,96.98,3,23,16,93.19,7.93,5.91,5.33,7.53,7.39,52.03,2.38,Medium
EMP02321,43,20,92.33,9,27,56,90.64,5.66,6.31,9.57,5.81,8.62,93.79,11.09,Medium
EMP02322,45,26,83.73,9,63,26,61.57,7.5,6.51,6.93,8.98,5.15,94.5,3.46,Medium
EMP02323,33,7,83.54,7,74,59,80.66,5.98,6.23,8.73,8.06,5.65,84.93,5.85,Medium
EMP02324,51,24,97.46,9,65,25,73.13,7.86,7.35,7.29,6.34,7.05,79.73,8.08,Low
EMP02325,59,2,94.85,8,39,67,64.52,7.24,5.09,9.45,6.12,5.48,89.79,5.03,Low
EMP02326,52,25,93.19,7,45,54,73.72,8.4,5.44,5.15,9.62,9.78,64.07,3.62,Medium
EMP02327,57,23,88.14,9,51,74,85.79,9.91,8.65,6.3,8.19,7.55,87.1,9.72,Medium
EMP02328,40,16,85.24,1,32,43,69.23,6.81,7.06,7.73,9.04,6.88,66.51,9.94,Low
EMP02329,57,13,99.59,3,24,34,77.78,8.08,6.8,6.62,6.13,9.9,72.15,6.25,Medium
EMP02330,51,8,95.94,3,63,19,76.18,9.32,5.05,8.71,7.94,8.23,99.0,4.29,Medium
EMP02331,54,6,86.04,1,61,39,62.1,5.46,6.49,8.44,5.27,7.58,92.29,8.8,Low
EMP02332,39,6,96.95,7,72,48,85.12,9.0,9.11,5.13,7.97,6.21,70.93,10.9,Medium
EMP02333,49,9,95.18,2,70,26,84.75,6.2,6.7,8.0,6.02,6.27,95.25,9.84,Medium
EMP02334,32,4,85.94,1,32,42,98.66,7.7,9.82,9.18,8.35,6.81,54.86,7.17,Low
EMP02335,54,27,88.53,6,60,48,71.92,9.96,6.95,6.58,9.66,8.75,95.14,1.66,High
EMP02336,38,11,83.72,0,30,20,76.76,9.92,7.32,5.7,7.29,9.08,94.46,11.11,Medium
EMP02337,27,5,82.22,5,56,68,76.15,6.58,9.01,8.69,6.53,5.96,82.34,10.99,Low
EMP02338,25,25,94.46,2,79,33,96.79,5.66,9.92,9.5,5.62,9.09,66.23,3.82,Medium
EMP02339,41,17,85.35,2,51,26,76.35,9.69,6.86,8.28,8.35,6.65,91.11,8.55,Medium
EMP02340,48,20,96.4,4,64,39,77.71,9.47,5.6,9.23,7.92,6.0,63.61,5.11,Medium
EMP02341,36,7,99.91,2,61,27,70.09,8.08,7.62,9.99,7.72,5.97,57.11,3.42,Low
EMP02342,27,27,81.53,3,37,31,60.05,5.16,7.96,7.5,9.68,7.32,77.56,1.12,Medium
EMP02343,35,15,89.46,2,48,26,64.42,8.76,9.8,9.68,9.89,8.84,56.44,5.02,Medium
EMP02344,32,25,96.04,6,34,17,88.16,5.8,7.07,6.72,8.58,7.85,67.87,3.32,Medium
EMP02345,30,15,95.78,2,39,38,87.3,9.72,5.45,8.73,5.98,7.32,78.99,1.26,Medium
EMP02346,47,14,95.2,9,63,22,72.9,7.18,8.25,9.51,9.73,5.09,60.38,6.79,Low
EMP02347,37,13,86.98,3,55,62,78.92,8.08,5.11,7.6,6.72,7.82,70.69,3.56,Medium
EMP02348,26,11,89.08,1,24,50,71.9,6.41,7.13,8.13,5.4,8.37,65.41,7.48,Low
EMP02349,31,28,91.9,1,59,70,89.24,7.38,7.05,9.85,6.21,5.49,57.72,5.6,Low
EMP02350,24,13,99.48,8,56,73,93.7,8.77,6.27,6.26,9.15,9.78,81.69,4.75,Medium
EMP02351,34,26,86.55,0,52,40,95.96,7.46,9.82,6.78,6.02,5.46,80.01,5.14,Low
EMP02352,51,22,98.46,0,37,59,66.95,9.24,7.02,8.86,6.98,8.45,77.95,7.31,Medium
EMP02353,27,28,85.39,9,38,22,87.8,8.57,9.47,6.7,6.37,7.62,96.56,10.17,Medium
EMP02354,38,24,99.78,0,70,46,98.52,5.39,7.58,7.5,5.24,9.42,96.33,8.36,Medium
EMP02355,40,29,93.41,2,51,46,86.02,8.03,9.1,5.25,7.81,7.07,78.62,2.22,Medium
EMP02356,56,9,89.27,1,61,15,74.04,8.06,7.26,7.83,8.14,7.54,86.94,7.24,Medium
EMP02357,47,10,92.27,2,41,17,85.44,6.9,9.96,8.13,8.96,7.76,90.25,9.46,Medium
EMP02358,26,4,85.45,4,60,15,87.54,6.61,8.2,5.41,7.07,9.37,55.49,4.42,Low
EMP02359,50,17,85.48,8,77,29,75.88,5.31,5.78,6.22,5.71,9.0,92.25,7.91,Medium
EMP02360,58,14,82.27,1,20,64,64.16,7.23,5.03,7.17,8.26,6.4,50.26,1.0,Low
EMP02361,41,24,82.28,0,73,34,84.27,6.68,9.64,8.91,9.45,9.78,50.1,11.34,Medium
EMP02362,42,18,86.95,5,44,17,92.09,9.76,8.43,5.11,5.6,8.77,65.52,3.95,Medium
EMP02363,31,11,95.26,2,39,29,99.9,8.37,5.53,6.66,5.91,5.06,89.65,10.97,Medium
EMP02364,26,16,92.16,6,77,73,68.92,7.3,8.72,5.02,6.65,5.92,96.07,3.38,Medium
EMP02365,57,1,82.05,5,54,68,88.02,8.77,6.14,7.61,8.25,9.28,69.96,10.86,Medium
EMP02366,27,29,97.04,6,64,74,61.12,8.89,9.05,7.49,7.62,8.23,81.55,7.1,Medium
EMP02367,47,7,92.03,4,25,74,98.79,7.4,8.05,8.78,8.56,6.29,73.63,3.01,Medium
EMP02368,25,28,99.22,0,25,51,60.5,5.38,5.62,5.02,5.16,5.86,63.98,4.51,Low
EMP02369,56,10,93.4,2,69,35,74.35,8.9,5.35,8.79,9.05,5.73,93.39,10.13,Medium
EMP02370,22,9,83.5,2,56,56,63.06,5.45,7.33,9.46,9.94,6.59,79.35,11.48,Low
EMP02371,45,27,89.48,6,68,53,84.84,9.24,9.68,6.59,5.23,9.49,84.47,10.64,Medium
EMP02372,57,28,92.97,2,76,37,73.58,6.67,7.82,6.67,7.48,6.76,80.86,10.59,Low
EMP02373,27,28,80.57,4,76,71,89.32,8.19,8.8,5.01,8.7,8.3,54.2,1.05,Medium
EMP02374,52,25,80.3,3,22,54,79.46,8.7,7.35,7.15,7.38,5.56,91.48,5.93,Medium
EMP02375,41,3,82.59,3,56,49,76.78,5.18,6.92,8.07,7.96,7.66,51.92,10.21,Low
EMP02376,45,22,85.03,6,50,32,73.94,6.92,9.11,5.61,9.6,6.71,84.54,1.39,Medium
EMP02377,46,23,88.59,0,54,31,63.45,8.02,7.32,8.29,7.7,5.8,57.07,8.63,Low
EMP02378,57,14,89.75,6,74,45,68.19,9.24,5.71,6.83,6.18,8.99,77.37,6.51,Medium
EMP02379,42,26,82.76,7,64,62,85.56,8.59,6.37,8.36,8.69,9.08,56.37,9.69,Medium
EMP02380,51,25,93.47,2,34,40,79.87,9.48,7.81,6.26,6.88,6.53,98.47,3.87,Medium
EMP02381,45,15,91.92,2,36,36,62.8,5.41,7.01,8.87,6.43,8.27,71.62,10.7,Low
EMP02382,51,2,85.89,3,34,59,81.76,5.36,6.83,7.74,6.24,6.97,89.67,4.26,Medium
EMP02383,43,24,80.27,5,24,50,62.17,8.57,8.34,7.67,5.4,5.22,89.83,11.46,Low
EMP02384,49,14,81.55,6,41,49,80.47,6.99,8.18,7.44,9.66,7.14,56.07,8.05,Low
EMP02385,28,16,87.83,0,65,25,98.6,7.41,6.57,9.21,7.82,7.88,78.31,3.17,Medium
EMP02386,56,7,83.08,3,30,41,72.29,8.02,6.8,7.77,9.78,6.5,99.96,9.54,Medium
EMP02387,49,4,87.54,6,47,48,88.94,9.93,8.76,5.8,9.31,9.74,69.11,6.88,Medium
EMP02388,35,18,92.56,1,33,32,89.82,5.34,9.61,8.13,5.15,7.79,54.78,5.49,Low
EMP02389,31,24,90.94,0,58,41,76.19,5.54,6.62,7.57,6.24,6.86,88.22,6.19,Low
EMP02390,37,27,84.62,0,22,18,83.73,9.15,6.46,5.34,6.58,8.68,79.71,5.39,Medium
EMP02391,37,5,86.88,9,74,31,78.88,5.1,6.33,7.91,7.45,6.7,85.72,8.78,Low
EMP02392,52,6,92.28,5,71,20,71.33,7.25,5.71,5.4,8.58,5.12,76.6,3.85,Medium
EMP02393,46,27,97.22,4,61,56,90.19,8.87,6.89,8.62,8.4,5.04,63.45,6.63,Medium
EMP02394,34,7,95.06,0,30,25,88.11,5.98,7.58,8.27,9.94,6.51,73.4,9.31,Medium
EMP02395,27,15,91.07,9,49,19,96.02,5.94,7.69,7.47,9.62,5.78,79.28,2.58,Medium
EMP02396,30,26,87.25,2,57,72,84.73,6.55,8.46,8.74,5.93,6.76,61.88,4.21,Low
EMP02397,57,1,87.3,6,24,71,75.55,5.75,5.26,6.4,9.3,8.85,92.7,3.35,Medium
EMP02398,41,24,97.59,8,71,32,88.56,8.39,7.81,7.23,9.21,6.55,70.57,7.29,Medium
EMP02399,39,4,80.78,8,41,71,84.76,6.0,6.27,5.08,7.87,7.8,85.76,5.53,Medium
EMP02400,42,29,99.76,5,32,39,84.66,6.13,6.2,9.94,6.69,9.6,97.2,4.56,Medium
EMP02401,25,25,93.29,2,63,24,93.99,7.87,8.95,5.28,6.04,8.49,70.78,4.94,Medium
EMP02402,54,1,93.62,0,70,55,96.42,9.84,5.77,5.52,6.06,7.81,73.07,6.16,Medium
EMP02403,48,11,80.76,2,70,30,67.21,9.57,6.65,7.47,6.69,9.34,59.18,5.6,Low
EMP02404,28,18,92.11,9,40,24,72.56,9.32,8.19,6.88,7.52,6.65,68.81,8.77,Low
EMP02405,27,14,89.7,1,78,24,86.01,7.65,8.21,7.66,7.92,5.99,76.46,8.62,Medium
EMP02406,36,22,82.12,4,56,50,82.29,6.49,5.24,9.18,6.63,8.74,61.48,1.29,Low
EMP02407,39,11,85.56,7,44,35,86.09,8.53,5.36,5.79,6.78,5.29,51.31,8.81,Low
EMP02408,53,10,97.81,4,71,70,77.32,6.95,8.28,8.2,5.07,7.12,62.89,3.44,Low
EMP02409,32,27,91.0,0,40,28,76.5,8.89,9.77,5.09,5.01,6.44,84.13,5.62,Low
EMP02410,41,17,88.27,2,47,22,64.71,5.08,9.99,8.95,9.54,9.86,92.91,3.45,Medium
EMP02411,45,4,81.45,4,60,15,84.95,7.65,9.94,9.08,5.07,6.89,56.55,2.31,Low
EMP02412,36,24,94.28,6,23,30,67.03,6.69,6.76,6.9,5.17,8.32,83.59,7.42,Low
EMP02413,28,15,94.06,4,48,40,86.84,6.25,6.21,5.87,6.03,6.34,67.0,11.46,Low
EMP02414,42,26,92.28,9,66,63,98.68,8.31,5.49,9.06,8.72,9.92,65.05,5.09,Medium
EMP02415,47,16,90.21,4,54,56,70.26,8.29,6.63,9.55,8.39,5.9,71.64,8.46,Low
EMP02416,35,21,88.68,6,42,20,65.69,5.19,6.38,5.38,8.24,9.53,93.53,5.98,Medium
EMP02417,58,13,91.87,7,26,53,60.97,9.74,7.88,7.9,7.87,7.23,79.03,2.99,Medium
EMP02418,42,9,84.67,7,75,64,75.15,6.81,6.84,9.69,6.01,7.14,82.03,11.13,Low
EMP02419,39,11,98.83,6,71,16,68.58,9.59,6.16,8.22,6.99,8.51,55.72,5.95,Low
EMP02420,26,11,91.78,2,71,67,79.67,7.92,8.06,9.1,7.39,5.47,56.03,1.09,Low
EMP02421,24,6,86.22,1,65,23,80.97,8.26,6.62,6.15,7.91,7.73,75.12,6.02,Medium
EMP02422,44,1,88.99,0,65,19,73.97,9.8,6.77,5.51,5.99,6.1,85.92,1.07,Medium
EMP02423,47,22,96.11,5,28,54,90.0,9.11,7.99,6.88,8.65,5.79,59.78,9.73,Medium
EMP02424,58,6,83.23,8,77,70,96.19,5.7,5.59,6.98,6.54,9.39,77.39,5.05,Medium
EMP02425,45,13,85.86,2,42,19,68.46,5.03,8.87,8.93,8.3,9.99,95.82,7.76,Medium
EMP02426,40,22,93.59,4,22,70,93.45,6.54,9.83,7.03,7.57,9.86,75.64,9.43,Medium
EMP02427,46,24,86.31,8,28,61,65.25,7.44,7.45,6.18,7.96,9.11,74.04,1.3,Medium
EMP02428,42,22,95.85,8,72,22,69.15,8.66,7.8,9.43,7.07,9.6,79.26,6.7,Medium
EMP02429,33,5,82.61,6,23,19,82.46,8.31,6.92,8.91,7.23,9.62,84.62,8.02,Medium
EMP02430,54,15,95.25,3,68,19,72.26,6.56,9.78,8.34,9.34,5.88,65.1,6.18,Low
EMP02431,25,27,81.37,1,44,66,61.67,7.71,5.66,6.04,7.38,5.43,66.73,4.37,Low
EMP02432,28,18,80.25,1,25,31,71.79,8.25,9.07,6.02,8.97,5.63,57.83,6.1,Low
EMP02433,43,20,97.96,3,67,23,96.19,7.57,8.25,7.46,6.98,5.81,97.44,5.33,Medium
EMP02434,54,14,91.63,0,78,48,66.97,8.44,8.96,7.65,8.5,9.11,52.38,7.73,Low
EMP02435,38,15,87.04,3,37,47,90.55,7.43,9.75,6.28,6.16,9.71,73.04,6.16,Medium
EMP02436,45,26,84.65,5,64,36,88.89,7.65,7.48,5.62,9.59,6.76,84.18,2.43,Medium
EMP02437,55,5,92.34,5,26,35,64.25,9.7,6.44,6.82,9.84,5.17,85.54,1.92,Medium
EMP02438,49,26,90.18,6,54,57,73.18,6.95,8.9,7.15,9.51,6.54,81.32,2.8,Medium
EMP02439,43,4,99.83,4,50,29,67.57,8.78,9.22,5.26,6.73,8.53,67.03,1.72,Medium
EMP02440,38,2,99.66,8,57,15,60.93,6.67,8.43,7.82,6.38,9.71,53.86,3.79,Low
EMP02441,55,7,92.7,1,75,21,66.92,6.66,9.25,5.01,5.91,7.25,96.61,1.77,Medium
EMP02442,27,10,88.86,1,51,37,68.06,9.63,8.65,5.76,9.36,6.68,59.52,7.64,Medium
EMP02443,27,16,89.82,3,54,65,66.64,8.49,9.79,5.73,5.59,8.27,95.44,5.89,Medium
EMP02444,55,10,93.65,3,47,70,63.64,9.64,7.85,8.44,8.21,6.06,61.27,3.81,Low
EMP02445,22,18,82.03,3,63,61,81.05,9.97,6.9,7.43,6.66,8.83,53.53,1.14,Low
EMP02446,31,17,86.57,0,24,20,72.91,5.0,8.4,9.18,5.94,7.07,54.18,2.61,Low
EMP02447,42,21,81.51,3,49,34,96.33,9.92,5.35,6.32,5.92,9.89,67.92,8.33,Medium
EMP02448,26,28,81.47,4,41,72,67.49,5.5,7.49,6.05,9.35,9.67,57.6,3.74,Medium
EMP02449,23,13,83.92,8,36,40,84.11,5.35,8.87,9.01,9.3,8.33,74.12,4.66,Medium
EMP02450,43,1,89.71,2,29,56,96.02,8.84,5.84,7.22,6.36,8.24,72.69,1.84,Medium
EMP02451,23,1,95.7,2,26,26,61.89,6.75,7.0,6.37,5.17,5.62,91.81,7.03,Low
EMP02452,31,15,89.71,4,23,27,80.65,9.59,6.75,7.09,9.35,6.4,84.79,9.85,Medium
EMP02453,55,1,86.71,9,61,61,78.03,7.72,6.67,7.13,5.29,9.31,84.92,4.89,Medium
EMP02454,37,6,81.65,5,46,65,97.15,6.93,8.25,7.86,5.42,6.81,79.54,2.26,Medium
EMP02455,43,25,91.01,2,26,63,86.55,5.37,7.49,5.19,9.11,7.12,52.37,11.49,Low
EMP02456,33,26,85.43,0,42,27,73.97,7.32,8.99,6.24,9.09,9.2,87.36,6.62,Medium
EMP02457,45,13,92.3,9,30,16,88.46,6.39,5.29,7.33,6.01,7.13,67.93,1.98,Low
EMP02458,59,27,99.54,7,72,46,83.31,5.38,7.27,7.71,5.19,9.25,91.81,6.47,Medium
EMP02459,31,28,82.23,0,27,64,73.89,8.35,5.07,5.79,5.31,5.35,62.33,1.49,Low
EMP02460,56,1,84.24,1,27,45,91.41,9.89,6.1,5.97,7.27,8.46,83.51,1.61,Medium
EMP02461,53,5,89.46,2,56,25,86.73,6.89,8.88,8.64,7.09,5.32,80.19,4.5,Low
EMP02462,28,9,99.37,5,24,51,60.22,6.49,5.53,8.93,5.91,8.95,55.6,8.45,Low
EMP02463,42,25,95.44,3,26,18,94.61,5.45,5.53,5.38,9.55,7.76,56.82,8.76,Medium
EMP02464,41,17,97.96,3,41,48,75.88,6.12,7.01,9.95,7.76,7.78,99.99,10.92,Medium
EMP02465,47,16,86.67,8,55,73,85.82,6.42,8.88,7.17,9.04,6.88,66.78,2.19,Medium
EMP02466,25,8,99.84,5,21,30,75.87,6.72,8.19,7.93,5.52,9.52,70.37,6.1,Low
EMP02467,43,17,82.06,1,43,45,95.25,8.17,8.91,7.97,9.87,7.55,92.77,6.24,Medium
EMP02468,36,15,81.06,6,70,39,86.03,5.57,5.25,6.73,9.05,6.3,81.55,6.07,Medium
EMP02469,42,24,97.11,2,21,53,83.18,5.29,7.82,7.72,6.44,9.12,83.96,10.26,Medium
EMP02470,36,1,98.55,8,67,22,99.21,9.65,7.27,7.92,5.1,9.74,81.82,9.92,Medium
EMP02471,43,12,81.81,5,31,22,71.23,9.0,9.48,8.8,5.82,6.21,66.17,6.59,Low
EMP02472,49,5,82.27,7,66,48,62.61,6.39,8.69,8.31,7.09,8.03,91.46,9.56,Medium
EMP02473,35,24,80.66,0,61,29,80.64,8.19,7.12,7.23,5.01,7.94,51.69,1.65,Low
EMP02474,48,6,82.09,1,74,19,76.96,7.96,7.77,5.96,5.2,8.05,68.37,6.85,Low
EMP02475,49,25,84.19,5,45,33,78.17,8.72,7.12,5.13,5.49,7.82,97.73,2.04,Medium
EMP02476,47,1,99.4,2,57,24,84.8,9.3,7.21,8.26,9.05,5.5,68.93,10.54,Medium
EMP02477,23,25,93.36,0,75,23,84.6,6.79,8.17,7.39,7.73,7.06,50.84,6.53,Low
EMP02478,46,1,95.57,5,64,71,75.69,8.3,6.08,9.83,5.95,9.93,59.6,1.19,Medium
EMP02479,24,10,95.52,4,25,68,94.52,9.01,6.67,5.49,6.32,5.44,97.21,7.05,Medium
EMP02480,29,10,90.7,8,42,43,86.06,8.5,6.4,5.36,8.21,8.35,92.46,9.12,Medium
EMP02481,54,3,95.95,5,21,66,95.6,9.61,9.0,5.91,6.59,9.47,59.77,2.48,Medium
EMP02482,56,17,91.92,4,45,54,96.53,7.47,9.71,6.88,8.41,6.0,98.87,4.11,Medium
EMP02483,27,19,86.29,0,33,51,66.69,9.01,7.07,5.88,8.89,9.01,57.94,5.93,Medium
EMP02484,44,28,91.22,0,37,33,87.22,9.55,5.39,7.32,6.53,6.21,99.62,5.56,Medium
EMP02485,46,11,90.67,0,57,27,72.7,7.79,5.47,6.7,6.83,5.15,92.23,6.53,Medium
EMP02486,40,29,96.47,6,76,73,93.46,5.09,7.0,10.0,5.25,7.61,95.63,1.18,Medium
EMP02487,26,18,99.63,5,51,60,89.31,9.09,6.97,9.83,9.1,8.55,56.99,9.12,Medium
EMP02488,32,2,88.22,4,70,54,67.95,9.23,5.73,6.82,8.03,5.98,65.09,4.47,Low
EMP02489,33,9,95.27,3,78,30,97.55,7.0,9.04,8.96,9.44,5.35,85.1,8.72,Medium
EMP02490,31,24,82.0,7,77,44,87.34,6.15,7.5,6.21,5.94,7.77,75.26,10.41,Low
EMP02491,29,17,95.54,7,33,74,97.95,9.89,5.55,5.29,9.8,5.74,64.58,8.56,Medium
EMP02492,45,28,87.43,4,49,68,68.08,7.76,5.49,5.2,8.53,5.92,84.77,8.39,Medium
EMP02493,49,14,80.79,3,32,19,94.79,7.58,7.23,5.15,5.98,8.52,88.98,7.37,Medium
EMP02494,57,4,87.26,1,59,47,86.72,9.73,5.58,8.68,7.31,8.06,64.27,1.01,Medium
EMP02495,58,29,92.21,6,50,33,82.09,7.04,7.81,6.71,8.49,9.73,54.29,10.94,Medium
EMP02496,42,17,82.39,4,56,69,92.82,9.24,6.93,9.12,5.08,6.62,78.72,10.17,Low
EMP02497,29,17,98.48,2,64,33,85.31,8.5,9.6,9.37,8.9,6.07,69.83,3.14,Medium
EMP02498,30,12,81.55,8,57,31,86.78,9.84,7.09,6.53,9.74,8.28,93.89,2.98,High
EMP02499,36,28,98.6,8,41,38,70.15,7.14,8.07,6.45,5.41,9.86,52.25,1.41,Low
EMP02500,39,20,94.14,9,78,69,92.68,9.54,9.06,6.54,9.49,7.77,81.9,5.17,Medium
EMP02501,41,18,86.59,7,47,67,86.01,7.84,6.51,7.38,7.32,6.47,52.37,11.84,Low
EMP02502,27,3,87.82,0,77,42,93.78,7.38,7.56,5.08,7.58,9.55,55.66,2.07,Medium
EMP02503,33,11,94.82,2,78,56,74.06,6.53,5.6,5.05,9.2,8.05,68.44,7.22,Medium
EMP02504,23,25,92.03,1,38,51,73.27,7.76,7.16,8.68,7.95,6.06,61.43,3.91,Low
EMP02505,28,18,93.43,3,62,36,60.96,7.86,6.88,9.04,6.76,9.75,58.09,10.48,Low
EMP02506,37,4,87.78,1,78,53,90.74,9.49,7.14,6.02,8.66,6.37,89.66,6.58,Medium
EMP02507,24,17,89.76,7,35,30,73.21,8.52,5.54,7.97,5.69,9.49,61.61,10.39,Low
EMP02508,24,18,99.8,0,24,49,73.09,9.13,6.99,6.08,8.33,8.07,68.23,11.23,Medium
EMP02509,48,5,84.28,3,63,41,87.55,8.85,9.35,8.67,8.87,7.51,95.39,7.97,Medium
EMP02510,59,14,88.36,4,68,26,70.11,6.38,9.69,7.1,6.67,6.66,89.28,4.11,Medium
EMP02511,54,10,85.84,9,21,60,96.36,6.03,6.21,9.11,9.85,5.59,76.2,5.93,Medium
EMP02512,49,15,95.3,3,29,42,81.52,6.29,6.5,9.74,8.2,6.22,54.69,7.95,Low
EMP02513,22,1,95.28,7,66,66,98.78,5.73,5.05,7.78,5.48,6.66,97.27,8.16,Medium
EMP02514,29,16,85.85,1,38,15,63.07,6.93,5.58,9.5,9.83,6.44,85.46,1.74,Medium
EMP02515,58,11,81.63,8,39,53,73.47,8.27,6.73,5.17,8.72,5.37,51.76,4.86,Low
EMP02516,53,23,80.23,1,48,72,75.26,7.68,8.43,7.31,8.48,7.9,97.44,6.86,Medium
EMP02517,58,20,88.55,1,44,32,89.22,8.4,6.46,7.52,6.27,7.38,53.59,4.7,Low
EMP02518,25,6,88.21,1,36,37,68.52,6.78,5.38,7.08,7.37,5.53,80.15,7.36,Low
EMP02519,51,24,99.77,9,70,36,75.01,6.03,8.65,6.57,9.51,7.32,69.69,2.94,Medium
EMP02520,27,29,89.4,7,70,18,96.43,6.01,7.33,8.61,6.54,5.39,99.04,1.38,Medium
EMP02521,40,22,85.13,2,32,62,64.58,8.0,7.6,7.76,7.12,9.66,96.15,4.75,Medium
EMP02522,53,16,97.82,9,64,25,89.81,5.82,6.63,5.41,6.28,6.3,79.94,7.25,Low
EMP02523,30,2,89.82,9,35,32,88.1,6.99,8.07,9.75,6.08,8.62,85.06,1.12,Medium
EMP02524,33,1,91.98,7,73,69,65.22,6.06,9.45,9.44,5.22,6.26,91.08,7.73,Low
EMP02525,32,24,81.91,6,72,62,87.54,8.31,7.77,6.77,8.68,7.37,91.02,4.9,Medium
EMP02526,37,24,87.66,9,54,21,82.79,8.08,7.94,6.23,5.45,9.67,79.96,11.92,Medium
EMP02527,22,9,98.88,3,55,35,71.5,6.91,6.87,8.14,7.66,9.36,62.58,9.61,Medium
EMP02528,42,22,91.79,6,78,71,72.45,5.64,5.41,5.22,5.25,8.89,65.64,4.2,Low
EMP02529,51,12,86.89,7,58,49,93.32,6.06,7.14,7.48,9.92,8.95,83.28,11.69,Medium
EMP02530,34,17,92.51,5,22,71,69.24,7.36,9.62,8.36,8.55,9.12,84.39,4.06,Medium
EMP02531,55,25,98.21,5,28,51,80.51,9.86,8.4,7.03,8.15,8.71,68.57,2.19,Medium
EMP02532,25,28,85.48,2,59,64,87.25,6.35,7.45,9.86,5.93,9.48,94.39,1.3,Medium
EMP02533,49,29,90.1,4,69,71,65.2,5.96,8.1,8.59,7.64,6.75,70.0,9.62,Low
EMP02534,59,15,99.17,9,72,44,97.29,6.1,7.79,9.67,7.52,7.63,84.92,4.51,Medium
EMP02535,52,19,83.45,1,65,31,70.43,8.54,9.56,9.54,6.79,8.23,60.47,11.83,Low
EMP02536,48,27,94.39,4,71,47,72.75,9.57,6.12,5.66,5.78,5.99,67.65,7.8,Low
EMP02537,26,22,92.29,4,79,30,86.64,5.38,9.44,8.34,6.84,7.52,77.3,2.81,Medium
EMP02538,46,10,93.59,6,48,29,63.13,8.75,8.44,7.98,8.05,5.62,51.88,4.7,Low
EMP02539,24,29,87.02,3,24,27,85.1,7.47,5.64,5.27,7.44,8.06,52.1,6.64,Low
EMP02540,54,26,86.28,5,22,53,96.64,9.13,6.86,6.59,7.85,5.49,63.49,8.94,Low
EMP02541,25,27,93.68,8,29,17,69.96,7.11,7.18,7.67,7.86,7.52,91.39,7.51,Medium
EMP02542,46,12,84.31,3,50,38,74.48,5.03,5.41,7.74,6.22,7.31,60.83,3.86,Low
EMP02543,41,14,88.39,5,30,37,69.29,8.41,7.77,9.07,5.55,5.56,94.29,6.24,Low
EMP02544,55,9,83.76,8,36,73,92.75,9.04,6.3,7.94,7.61,7.2,85.8,3.38,Medium
EMP02545,47,27,80.17,9,59,59,66.7,9.51,7.29,7.33,9.46,8.39,84.45,4.85,Medium
EMP02546,26,13,99.4,0,60,62,73.87,7.85,7.19,8.76,9.98,7.97,83.71,4.14,Medium
EMP02547,56,3,88.63,7,27,69,84.04,5.61,7.61,7.85,8.93,7.29,98.82,10.88,Medium
EMP02548,49,21,99.39,0,71,15,76.18,6.85,9.23,9.42,6.11,6.82,81.68,9.67,Low
EMP02549,50,29,82.81,3,79,46,62.62,8.92,8.9,9.53,8.15,5.29,82.46,6.85,Low
EMP02550,30,14,91.75,2,21,47,97.91,7.47,9.37,8.02,6.19,9.78,72.67,2.92,Medium
EMP02551,59,21,84.02,3,23,74,73.52,8.5,7.86,7.82,7.88,7.01,93.62,7.53,Medium
EMP02552,27,10,95.8,6,35,62,77.83,5.02,8.08,8.51,7.4,7.08,52.87,4.9,Low
EMP02553,40,16,95.67,8,60,44,66.7,5.37,7.15,8.63,6.91,5.64,67.22,1.41,Low
EMP02554,32,7,82.25,8,77,16,94.61,8.41,8.59,8.64,8.21,7.66,64.33,8.58,Medium
EMP02555,23,4,98.24,9,60,32,71.66,6.45,6.02,8.1,9.29,9.9,69.9,3.81,Medium
EMP02556,30,27,83.89,0,40,73,60.79,6.94,7.38,8.81,6.69,6.27,74.0,3.58,Low
EMP02557,42,20,92.26,9,24,67,72.66,8.21,8.57,5.72,7.43,6.57,97.8,8.3,Medium
EMP02558,45,23,99.71,0,77,71,99.36,5.56,8.89,9.11,7.28,6.18,96.22,10.59,Medium
EMP02559,55,25,97.65,8,54,69,65.87,9.16,6.24,6.55,6.25,9.33,80.56,4.1,Medium
EMP02560,43,11,99.13,3,33,44,61.25,5.72,5.91,9.43,7.11,7.38,50.99,9.55,Low
EMP02561,24,16,86.85,2,34,32,83.13,8.67,6.44,5.66,5.11,9.12,77.78,10.74,Medium
EMP02562,33,20,82.11,8,25,19,74.87,6.46,9.6,5.02,7.59,9.25,53.42,3.32,Low
EMP02563,49,4,83.77,4,35,19,91.8,6.3,5.65,5.08,8.6,8.75,67.99,11.09,Medium
EMP02564,51,22,90.01,5,42,22,89.28,9.11,9.77,6.05,6.84,6.31,65.22,4.11,Low
EMP02565,47,22,95.86,0,79,23,67.42,7.76,9.97,5.57,8.73,5.18,82.4,3.4,Medium
EMP02566,42,23,83.0,0,50,46,82.59,6.03,8.92,7.77,8.75,5.72,50.89,4.97,Low
EMP02567,49,17,93.19,6,61,70,61.3,5.01,8.8,7.24,9.92,8.48,89.44,3.51,Medium
EMP02568,47,13,86.47,9,65,28,77.58,9.87,9.77,8.03,7.73,8.7,91.32,7.3,Medium
EMP02569,54,11,86.82,7,31,27,88.56,7.16,6.45,5.96,7.02,8.83,51.62,6.2,Low
EMP02570,42,3,93.24,7,60,32,76.6,6.99,5.64,8.77,8.2,6.22,54.09,8.37,Low
EMP02571,56,9,89.34,6,74,18,64.72,5.25,9.12,8.05,8.13,5.77,96.03,8.97,Medium
EMP02572,55,6,96.24,8,38,64,62.46,9.47,5.85,6.11,9.94,9.62,80.8,1.9,Medium
EMP02573,39,22,83.12,0,31,36,94.15,5.7,5.23,6.99,8.54,8.32,98.02,2.69,Medium
EMP02574,32,21,95.8,1,64,34,95.65,6.68,5.98,8.59,6.53,8.71,72.88,9.69,Medium
EMP02575,44,11,81.28,2,74,29,73.72,7.11,7.19,8.4,5.94,5.47,59.53,1.73,Low
EMP02576,43,16,83.88,4,32,21,66.57,9.05,7.48,7.81,8.96,7.06,68.51,8.25,Medium
EMP02577,38,19,93.12,3,68,27,99.14,6.8,5.31,9.9,5.9,5.32,96.45,8.3,Medium
EMP02578,26,27,97.1,3,21,48,81.83,7.66,7.22,5.66,8.14,8.29,55.77,9.11,Medium
EMP02579,32,5,85.05,7,39,55,79.07,7.14,8.02,7.44,5.66,7.45,94.61,3.41,Medium
EMP02580,51,14,86.54,7,74,44,89.66,6.56,9.66,8.12,8.59,7.26,76.49,2.66,Medium
EMP02581,36,17,90.74,6,50,19,66.75,9.73,6.14,9.97,8.91,9.51,53.5,5.95,Medium
EMP02582,48,3,84.23,0,28,15,83.2,8.98,6.05,7.71,9.95,8.7,69.99,1.47,Medium
EMP02583,56,4,96.22,9,40,74,95.61,5.87,6.95,7.21,9.77,9.82,62.16,10.26,Medium
EMP02584,54,16,95.47,3,27,45,60.92,7.77,9.92,9.61,8.57,5.23,78.76,9.21,Low
EMP02585,41,16,82.91,0,58,73,86.92,8.98,6.68,7.53,6.39,8.08,57.62,10.73,Low
EMP02586,37,21,89.28,4,56,65,82.06,7.9,5.22,9.7,5.22,8.15,97.06,1.77,Medium
EMP02587,55,26,95.5,2,48,34,98.03,7.47,6.33,8.75,7.78,5.13,60.56,11.13,Low
EMP02588,23,25,86.75,2,38,33,70.35,5.36,7.79,5.84,8.83,8.94,81.65,9.32,Medium
EMP02589,56,4,92.66,3,54,68,94.36,5.53,7.06,5.84,5.05,5.77,91.56,2.24,Medium
EMP02590,49,19,81.0,1,64,43,72.36,6.23,8.87,6.59,7.62,8.51,79.79,2.15,Medium
EMP02591,27,26,92.17,6,57,59,77.19,7.57,8.04,5.34,9.41,5.19,82.78,10.9,Medium
EMP02592,30,17,83.05,3,45,52,68.53,9.94,7.8,7.71,8.19,8.07,70.47,6.13,Medium
EMP02593,41,13,96.61,4,30,24,94.54,9.01,6.61,9.3,8.42,7.6,55.09,11.99,Medium
EMP02594,22,26,87.11,1,55,43,67.82,5.55,7.76,7.0,7.37,7.42,56.57,7.99,Low
EMP02595,29,22,85.63,5,54,45,94.36,8.59,8.08,8.24,9.72,6.83,85.11,8.57,Medium
EMP02596,44,23,96.82,8,23,25,78.22,9.05,5.9,9.91,6.87,7.1,89.86,6.15,Medium
EMP02597,24,26,81.0,7,22,37,93.4,7.07,8.68,5.97,6.9,7.38,92.11,5.81,Medium
EMP02598,25,24,87.93,7,64,44,70.58,6.65,6.96,6.79,7.59,6.49,68.14,9.82,Low
EMP02599,46,28,87.4,1,66,39,65.31,7.92,8.71,5.12,7.93,9.68,98.44,5.94,Medium
EMP02600,59,1,85.7,3,31,30,82.2,7.6,5.89,6.16,7.69,9.83,82.08,6.48,Medium
EMP02601,36,12,98.24,7,51,72,80.38,6.33,8.28,8.9,9.09,6.5,57.68,5.3,Low
EMP02602,42,4,95.02,0,66,71,74.26,6.99,5.13,8.28,9.17,8.89,53.37,3.16,Medium
EMP02603,56,11,81.28,7,45,37,86.51,7.72,5.79,8.92,5.66,8.76,77.25,10.34,Medium
EMP02604,35,5,94.29,2,62,73,63.81,7.9,9.46,7.13,7.98,9.38,87.05,3.43,Medium
EMP02605,57,2,90.55,7,62,47,84.88,7.66,7.31,8.68,9.92,5.02,50.9,4.32,Low
EMP02606,33,17,98.02,5,32,65,68.47,9.23,7.54,8.0,8.0,6.69,51.13,7.52,Low
EMP02607,38,8,86.26,6,63,51,65.16,5.16,9.54,6.64,8.44,5.72,78.91,4.59,Low
EMP02608,30,6,91.48,1,57,72,96.38,6.66,7.42,7.06,9.31,6.95,99.49,4.89,Medium
EMP02609,56,21,90.02,0,48,42,78.39,8.75,8.27,7.71,9.33,7.88,86.88,1.04,Medium
EMP02610,34,29,89.79,5,74,41,90.54,8.26,6.11,9.78,5.09,9.54,57.58,9.81,Low
EMP02611,36,9,89.12,2,71,20,63.56,9.59,5.41,9.66,6.2,9.2,54.36,6.44,Low
EMP02612,39,13,84.11,3,70,52,62.3,7.94,6.77,9.93,9.31,7.5,90.72,3.16,Medium
EMP02613,54,11,95.11,8,38,51,79.79,8.19,8.99,5.08,8.34,5.12,90.49,8.83,Medium
EMP02614,27,29,89.03,2,78,20,72.62,8.52,7.23,8.59,8.16,6.5,72.84,8.22,Medium
EMP02615,48,16,99.17,1,54,39,60.2,5.93,5.84,9.47,9.3,5.53,51.79,5.14,Low
EMP02616,44,16,85.22,1,67,27,67.33,8.77,7.73,8.7,9.03,8.25,88.31,7.36,Medium
EMP02617,48,27,93.65,1,60,47,68.75,6.5,6.32,7.08,8.76,8.48,70.6,8.33,Medium
EMP02618,55,2,98.81,5,78,47,71.54,7.12,9.73,8.62,5.24,8.24,90.82,1.68,Medium
EMP02619,59,10,93.27,1,46,39,95.1,5.07,7.89,7.22,8.91,6.37,57.21,5.59,Low
EMP02620,35,12,97.43,6,65,28,76.82,9.22,9.91,8.57,6.0,9.6,73.16,6.77,Medium
EMP02621,57,8,96.55,6,79,54,87.18,9.77,5.22,8.9,5.13,7.94,76.32,8.96,Medium
EMP02622,29,11,87.2,6,50,55,60.74,5.3,5.06,9.22,7.46,7.99,68.48,5.2,Low
EMP02623,56,10,92.0,1,22,69,92.56,8.18,7.39,8.64,9.71,9.08,99.5,2.88,High
EMP02624,40,13,83.13,6,54,56,69.61,9.8,9.31,5.8,9.43,5.35,88.14,1.99,Medium
EMP02625,51,25,90.71,9,43,52,72.36,8.03,7.62,9.68,9.91,6.05,91.51,9.9,Medium
EMP02626,35,17,84.61,7,71,23,61.81,8.99,9.38,6.07,6.23,7.95,62.05,6.27,Low
EMP02627,41,7,94.87,7,26,32,76.39,5.59,5.65,6.79,8.48,8.05,69.23,3.52,Medium
EMP02628,46,24,90.56,1,70,29,94.1,6.22,8.5,7.15,5.28,7.33,55.54,9.85,Low
EMP02629,45,3,88.22,4,75,18,75.15,6.73,8.3,8.56,9.02,8.9,99.92,9.93,Medium
EMP02630,35,20,85.38,5,54,48,96.34,9.91,7.72,8.51,7.62,6.73,62.88,8.16,Medium
EMP02631,47,13,99.97,8,40,52,94.7,8.91,7.03,9.81,9.98,5.06,55.03,2.32,Medium
EMP02632,59,19,81.43,5,20,31,62.48,9.43,8.24,5.94,6.2,6.7,60.26,4.34,Low
EMP02633,44,7,80.87,9,63,21,72.21,7.44,7.75,7.25,8.92,9.83,78.58,10.71,Medium
EMP02634,43,9,84.35,5,72,46,96.42,8.58,6.36,6.02,5.85,8.9,66.78,2.34,Medium
EMP02635,40,19,99.42,9,25,69,61.19,8.66,5.52,8.36,6.44,6.59,58.2,8.71,Low
EMP02636,24,13,99.58,9,58,37,90.63,7.84,6.93,6.07,6.48,6.11,73.42,3.82,Medium
EMP02637,40,22,93.1,5,53,34,96.26,9.39,7.56,9.34,7.89,9.05,83.52,1.38,Medium
EMP02638,30,8,97.6,8,37,61,90.82,5.79,7.54,9.91,6.83,6.0,83.24,8.58,Medium
EMP02639,49,22,84.28,9,44,70,89.75,5.29,7.13,6.58,7.19,7.9,50.74,3.91,Low
EMP02640,41,18,99.44,6,34,67,93.73,6.52,6.64,8.7,7.61,7.54,87.77,9.17,Medium
EMP02641,28,29,82.86,0,66,16,86.63,5.44,6.75,7.66,5.28,7.11,62.06,5.04,Low
EMP02642,35,23,82.02,0,51,35,76.92,5.3,6.33,6.8,8.33,7.13,96.11,3.41,Medium
EMP02643,30,2,82.24,3,61,26,62.51,7.1,7.9,5.96,8.25,8.51,56.92,11.01,Low
EMP02644,40,18,91.46,1,68,56,91.52,6.0,9.25,8.6,9.82,5.51,69.97,4.91,Medium
EMP02645,35,18,95.62,2,69,71,96.21,8.95,9.4,5.79,5.67,6.98,65.61,11.06,Low
EMP02646,59,11,87.33,6,37,72,80.46,7.9,9.97,6.4,5.15,9.84,74.57,11.57,Low
EMP02647,57,1,99.56,6,50,63,81.3,6.8,5.44,9.6,5.67,8.89,65.68,5.47,Low
EMP02648,38,14,88.69,2,48,41,76.13,6.43,6.07,7.54,7.11,5.11,88.56,8.9,Low
EMP02649,51,16,83.01,1,34,64,94.28,7.82,8.65,9.27,6.07,7.24,69.1,5.36,Low
EMP02650,30,11,89.32,0,77,62,60.59,7.17,8.23,8.84,6.08,5.59,67.51,8.22,Low
EMP02651,54,1,93.58,8,42,24,84.98,5.28,5.67,6.88,9.35,7.42,98.56,9.49,Medium
EMP02652,46,7,96.64,9,57,22,96.3,8.33,8.16,6.09,6.62,5.52,70.17,8.02,Low
EMP02653,35,29,89.18,2,60,35,64.13,7.5,7.03,5.5,7.08,6.95,56.5,4.19,Low
EMP02654,32,16,91.87,8,30,74,98.37,6.38,9.78,9.8,8.42,7.72,63.4,4.39,Medium
EMP02655,56,14,85.35,3,34,71,98.71,6.45,9.28,6.62,6.7,6.84,86.17,10.48,Medium
EMP02656,35,15,92.92,9,42,36,97.19,7.26,5.37,8.37,7.77,7.89,63.09,7.2,Medium
EMP02657,51,14,99.72,5,22,27,78.5,9.14,5.45,8.65,7.61,9.93,84.02,10.92,Medium
EMP02658,25,28,80.98,6,38,62,75.32,7.12,7.09,5.99,6.31,6.23,95.74,5.61,Medium
EMP02659,25,21,97.73,9,20,54,88.24,9.2,5.04,8.47,8.59,7.82,68.71,3.9,Medium
EMP02660,49,11,91.25,5,43,26,72.75,7.12,5.47,5.05,9.17,7.36,59.63,7.69,Low
EMP02661,29,16,85.04,0,68,31,62.73,9.15,9.66,7.09,8.92,9.05,85.84,10.79,Medium
EMP02662,23,19,99.1,5,30,62,96.06,9.66,8.96,6.75,6.98,6.57,71.89,6.51,Medium
EMP02663,43,17,89.67,5,49,23,85.39,5.1,8.36,9.66,9.66,8.19,52.31,4.06,Medium
EMP02664,37,27,86.63,4,69,71,68.29,5.31,9.15,9.93,9.49,8.46,78.92,3.44,Medium
EMP02665,50,26,83.63,2,30,65,60.74,5.67,6.25,6.44,6.33,9.88,79.02,5.94,Low
EMP02666,51,6,84.89,9,79,63,88.94,5.61,8.63,8.05,5.62,5.76,84.09,10.4,Low
EMP02667,33,11,96.66,2,58,70,94.11,7.27,8.08,8.73,9.47,9.99,86.76,4.14,High
EMP02668,56,17,92.29,9,20,54,76.23,8.82,9.24,5.96,8.72,8.61,82.28,7.09,Medium
EMP02669,32,9,98.26,6,31,26,63.24,9.81,6.41,8.43,6.55,7.28,66.92,2.9,Low
EMP02670,42,18,84.64,7,23,23,85.94,7.09,8.82,6.29,6.52,6.32,91.77,9.17,Medium
EMP02671,42,17,82.42,2,44,44,71.88,8.44,9.26,5.84,6.61,8.14,96.76,6.05,Medium
EMP02672,26,12,80.12,2,27,20,65.76,8.18,7.75,9.25,9.31,5.71,65.11,3.62,Low
EMP02673,41,23,90.16,6,34,39,80.42,6.97,7.07,7.51,6.2,9.73,64.09,9.3,Low
EMP02674,58,22,99.97,9,62,42,79.27,8.61,9.74,6.48,8.26,5.92,75.65,9.01,Medium
EMP02675,24,22,93.9,6,49,24,80.67,7.96,5.84,7.02,9.17,8.87,99.29,1.37,High
EMP02676,54,5,86.17,8,59,55,92.96,8.8,5.18,7.07,6.94,6.73,58.17,5.86,Low
EMP02677,30,11,97.54,5,51,42,79.38,5.97,5.9,8.85,5.31,6.08,74.75,7.52,Low
EMP02678,30,4,95.63,6,63,43,96.02,6.8,8.42,9.43,8.79,9.04,59.71,3.82,Medium
EMP02679,25,27,80.31,9,54,50,93.67,8.36,8.94,7.38,5.1,9.44,70.49,1.62,Medium
EMP02680,56,4,96.34,0,40,25,86.04,5.62,8.58,6.61,9.15,5.03,68.94,4.12,Medium
EMP02681,38,3,86.01,6,50,35,62.27,8.85,7.1,8.64,6.8,9.87,78.54,10.54,Medium
EMP02682,55,26,82.99,1,55,68,94.6,5.67,9.84,9.53,9.01,7.11,51.73,4.73,Low
EMP02683,45,24,84.53,6,46,52,96.22,6.62,7.22,5.57,7.73,5.48,90.36,9.65,Medium
EMP02684,53,23,89.37,2,63,40,75.0,6.19,9.91,8.98,6.8,7.27,85.47,8.72,Medium
EMP02685,22,25,88.5,8,27,32,81.05,5.3,9.59,7.79,9.5,5.59,99.99,11.54,Medium
EMP02686,29,17,85.78,4,78,18,71.24,6.35,7.04,9.34,8.84,6.29,62.79,10.59,Low
EMP02687,44,7,83.44,6,42,58,60.59,9.56,5.81,7.57,5.4,7.79,93.39,11.36,Low
EMP02688,33,26,95.24,7,42,55,79.18,5.13,5.45,9.31,9.65,6.8,80.52,1.26,Medium
EMP02689,33,4,99.8,1,61,29,65.17,5.08,7.66,7.77,7.34,6.14,61.55,4.27,Low
EMP02690,36,23,95.56,0,77,37,67.33,8.52,8.82,5.72,5.74,5.98,64.79,10.6,Low
EMP02691,40,13,85.92,6,74,55,79.23,6.83,5.88,5.02,8.86,8.18,51.02,5.1,Low
EMP02692,47,12,84.9,5,52,20,94.68,6.15,6.59,8.1,7.59,9.55,67.18,1.58,Medium
EMP02693,50,1,84.35,5,32,57,93.79,7.54,8.15,7.96,8.36,5.28,94.97,11.21,Medium
EMP02694,43,21,82.73,1,58,21,98.6,6.33,7.3,6.05,8.47,6.22,53.76,5.97,Low
EMP02695,42,19,91.03,2,71,71,79.31,6.96,8.02,9.25,5.99,8.33,96.4,1.57,Medium
EMP02696,59,21,92.11,3,79,60,82.08,8.58,8.38,9.34,9.85,9.94,68.98,4.12,Medium
EMP02697,41,20,94.11,2,54,74,92.88,5.58,6.9,9.02,5.53,8.41,87.04,10.41,Medium
EMP02698,50,18,93.6,1,35,62,87.99,9.8,8.93,9.68,8.03,5.26,82.93,9.69,Medium
EMP02699,25,11,85.85,2,31,29,67.31,5.21,8.51,7.53,5.73,5.89,83.62,11.97,Low
EMP02700,28,20,86.61,5,50,66,75.93,9.03,8.44,8.51,9.39,6.74,77.42,5.84,Medium
EMP02701,49,3,93.63,8,24,23,97.17,8.62,5.75,9.52,5.87,5.79,73.22,4.33,Medium
EMP02702,49,29,86.99,3,69,65,65.85,6.41,7.37,7.28,7.21,5.91,96.41,2.46,Medium
EMP02703,25,17,84.25,5,59,44,68.37,5.59,7.89,8.09,5.43,6.37,84.0,4.28,Low
EMP02704,43,12,87.49,0,63,58,76.03,9.26,6.13,7.56,7.24,6.86,80.73,3.2,Medium
EMP02705,33,10,85.44,5,79,57,97.59,8.4,8.79,9.92,5.02,6.96,70.91,8.35,Low
EMP02706,24,8,81.77,2,44,42,64.55,6.45,5.61,7.19,7.22,7.5,61.25,9.43,Low
EMP02707,43,15,96.6,8,40,44,86.92,5.08,5.75,6.59,8.44,9.64,50.09,9.84,Low
EMP02708,23,5,97.06,3,22,22,65.28,9.69,7.07,8.15,5.91,9.97,99.04,9.27,Medium
EMP02709,45,4,84.4,6,67,49,80.98,7.02,5.68,6.4,7.76,5.1,87.82,6.39,Medium
EMP02710,55,26,81.3,3,29,65,81.46,5.88,5.06,9.29,7.37,7.47,99.7,5.32,Medium
EMP02711,48,28,94.78,5,42,49,61.71,9.56,7.06,9.46,6.67,8.76,88.51,2.1,Medium
EMP02712,22,21,84.23,6,36,71,98.16,6.8,8.24,6.73,8.35,5.37,52.28,7.37,Low
EMP02713,29,20,87.87,1,61,40,92.26,7.32,7.48,6.79,9.98,9.71,72.2,5.98,Medium
EMP02714,44,19,81.28,9,54,44,72.11,8.49,5.26,5.43,9.69,9.69,55.84,3.68,Medium
EMP02715,59,21,84.53,5,44,49,65.22,9.1,6.16,6.28,9.85,6.04,90.06,9.83,Medium
EMP02716,27,4,95.86,7,21,52,73.83,5.5,7.62,5.34,5.1,8.93,59.3,8.82,Low
EMP02717,43,15,96.09,5,46,25,95.77,9.49,8.69,8.79,6.28,7.91,82.88,7.25,Medium
EMP02718,46,17,84.14,1,65,34,65.31,9.66,8.97,5.9,9.61,5.17,82.93,3.21,Medium
EMP02719,39,12,86.72,3,28,60,73.97,6.3,7.6,5.39,5.24,6.49,81.94,7.27,Low
EMP02720,38,3,82.68,0,78,45,79.77,7.49,8.23,5.82,6.82,6.32,93.92,3.25,Medium
EMP02721,33,10,81.48,6,68,48,61.32,9.29,9.52,6.89,8.26,9.4,86.29,9.06,Medium
EMP02722,27,15,99.84,7,23,26,70.72,7.44,5.33,7.11,9.91,9.49,66.37,2.9,Medium
EMP02723,47,10,93.11,9,79,62,83.83,7.41,5.5,9.49,6.38,5.17,65.74,9.13,Low
EMP02724,48,24,90.84,1,45,42,72.96,8.09,7.29,6.4,8.82,8.71,51.11,6.95,Low
EMP02725,29,23,95.31,9,51,17,94.82,8.84,8.05,8.59,8.3,5.6,95.41,11.74,Medium
EMP02726,40,18,96.8,4,48,67,97.47,8.33,5.02,9.47,8.07,8.95,55.17,6.14,Medium
EMP02727,22,1,96.13,7,41,62,77.66,8.13,7.26,9.28,8.71,9.23,73.96,3.64,Medium
EMP02728,50,3,80.33,7,66,56,81.28,6.86,5.86,5.99,6.27,5.3,75.43,10.24,Low
EMP02729,56,21,83.74,4,32,66,85.23,8.15,8.23,6.4,6.69,6.63,72.39,7.38,Low
EMP02730,35,26,93.1,7,42,19,86.58,5.52,6.34,5.27,7.8,6.9,78.71,6.91,Medium
EMP02731,56,27,87.52,5,50,27,62.53,7.05,9.51,7.42,7.19,9.78,86.46,2.16,Medium
EMP02732,41,12,99.65,4,70,26,62.15,5.94,5.32,7.03,8.61,6.85,59.81,5.19,Low
EMP02733,34,1,93.31,3,60,73,94.62,7.69,9.05,7.73,9.0,6.28,53.68,1.05,Medium
EMP02734,59,3,99.13,4,55,15,68.79,6.31,6.96,7.29,7.64,8.1,92.87,3.37,Medium
EMP02735,29,3,84.03,3,72,66,83.36,7.53,9.29,8.68,6.97,5.79,74.74,6.78,Low
EMP02736,41,5,97.28,0,59,57,84.99,8.89,9.08,8.35,9.56,8.13,56.37,6.21,Medium
EMP02737,54,19,86.43,2,50,72,66.58,7.17,6.2,7.14,8.75,7.29,83.6,7.24,Medium
EMP02738,47,29,99.79,7,79,33,90.46,6.09,5.25,5.19,8.37,8.66,61.15,10.55,Medium
EMP02739,42,25,83.15,6,34,43,94.64,6.11,8.48,6.72,5.29,7.89,54.09,3.86,Low
EMP02740,30,1,90.33,6,33,61,71.42,9.53,6.02,6.62,7.64,5.88,64.13,8.45,Low
EMP02741,45,4,95.86,2,54,64,95.11,8.9,9.65,5.45,5.61,9.69,64.84,7.06,Medium
EMP02742,58,29,88.65,8,43,62,63.24,5.18,5.34,6.52,8.3,7.24,93.42,10.03,Medium
EMP02743,38,29,89.36,5,49,53,92.02,9.71,6.62,9.94,6.5,8.72,65.37,3.94,Medium
EMP02744,45,26,99.73,7,49,56,85.6,5.56,5.06,9.11,8.69,7.66,89.01,11.89,Medium
EMP02745,42,26,88.51,7,46,39,83.32,8.26,6.59,9.01,8.89,9.33,78.86,8.3,Medium
EMP02746,34,4,92.08,2,68,30,69.21,7.76,7.71,9.22,6.5,6.69,54.73,1.45,Low
EMP02747,32,17,81.09,3,59,31,74.47,5.23,8.27,9.33,9.88,8.19,57.82,1.05,Medium
EMP02748,40,14,96.84,5,33,42,96.41,6.48,8.63,6.63,7.58,5.4,54.01,10.55,Low
EMP02749,32,18,92.96,1,64,53,78.63,8.88,9.17,6.61,6.09,5.39,70.07,3.88,Low
EMP02750,34,27,88.08,6,66,57,83.78,6.53,5.55,6.68,8.88,9.22,98.49,3.61,Medium
EMP02751,22,1,80.32,1,30,74,97.43,7.4,8.81,9.09,8.8,9.09,59.04,7.05,Medium
EMP02752,40,22,91.83,4,78,63,78.66,8.49,6.39,8.99,7.07,6.8,67.1,2.86,Low
EMP02753,33,16,80.25,3,66,19,75.53,5.36,5.69,5.08,8.29,8.38,91.0,4.18,Medium
EMP02754,29,3,80.02,8,63,15,95.73,9.16,6.33,9.75,5.11,9.14,93.79,6.68,Medium
EMP02755,29,23,92.32,1,45,17,96.44,5.21,9.29,6.43,6.46,5.72,86.77,11.8,Low
EMP02756,33,21,83.78,6,75,62,74.19,6.31,8.14,8.13,9.41,9.92,73.35,2.69,Medium
EMP02757,54,9,83.84,6,73,38,83.68,8.82,7.99,8.2,6.16,9.43,82.44,1.46,Medium
EMP02758,47,23,93.07,6,40,43,98.55,9.56,7.92,5.57,9.53,8.45,72.5,8.79,Medium
EMP02759,49,4,81.07,0,28,29,62.22,8.8,7.04,8.48,7.9,7.72,92.43,7.78,Medium
EMP02760,26,21,86.27,7,73,18,61.59,6.13,7.09,7.67,9.51,9.47,70.49,4.45,Medium
EMP02761,29,5,82.99,1,66,58,80.66,9.93,5.74,8.05,5.65,8.7,90.89,4.07,Medium
EMP02762,46,11,91.6,4,20,15,71.65,7.07,6.66,7.23,7.32,7.92,79.28,10.55,Medium
EMP02763,48,21,93.24,1,63,63,83.27,6.88,7.56,9.02,6.48,9.46,76.06,4.53,Medium
EMP02764,44,26,94.42,4,25,70,88.97,9.33,8.03,8.18,9.43,6.05,82.82,7.52,Medium
EMP02765,51,9,85.1,6,20,29,62.76,5.33,5.36,5.96,6.71,6.22,64.61,5.68,Low
EMP02766,44,26,81.78,5,41,38,95.29,7.78,6.67,8.76,7.94,9.65,69.61,6.8,Medium
EMP02767,41,3,81.57,4,70,66,71.08,9.83,6.7,7.51,9.14,5.34,90.25,10.77,Medium
EMP02768,39,6,88.52,3,73,45,75.25,5.5,7.58,5.19,6.15,5.23,69.2,5.92,Low
EMP02769,39,24,98.92,7,32,34,73.48,7.7,8.55,6.97,5.23,8.96,82.68,10.08,Medium
EMP02770,23,11,84.35,7,57,24,93.59,5.66,8.18,7.01,7.47,7.07,83.18,7.62,Medium
EMP02771,25,9,85.13,0,68,25,66.83,9.45,7.85,9.01,8.42,9.58,93.49,5.0,Medium
EMP02772,51,29,82.02,9,64,32,61.15,7.94,6.46,6.17,8.6,6.5,72.18,1.27,Low
EMP02773,54,15,92.11,1,60,48,98.87,6.17,9.2,7.26,7.09,6.44,95.13,8.34,Medium
EMP02774,57,23,93.6,2,59,42,99.23,6.54,8.93,5.27,5.39,9.79,99.65,8.66,Medium
EMP02775,39,28,92.86,0,50,52,70.31,7.58,5.92,9.41,7.02,7.77,58.46,11.92,Low
EMP02776,58,3,97.22,2,34,30,60.37,8.63,8.28,7.22,5.61,8.07,85.77,8.82,Low
EMP02777,40,1,89.73,9,69,38,85.84,7.44,9.53,9.28,5.36,9.49,84.92,10.02,Medium
EMP02778,49,20,82.69,7,21,53,85.94,5.95,7.18,8.39,6.52,6.9,72.81,2.84,Low
EMP02779,41,29,85.79,3,72,69,97.61,8.54,9.62,6.6,8.89,6.24,65.19,9.39,Medium
EMP02780,54,22,93.25,6,50,65,71.94,5.59,5.11,8.56,8.84,7.86,51.36,4.87,Low
EMP02781,33,19,92.26,6,45,26,67.58,9.05,7.58,7.34,8.04,7.05,81.81,11.78,Medium
EMP02782,36,14,90.62,4,21,64,84.66,6.98,6.28,6.71,9.13,5.82,65.79,5.97,Medium
EMP02783,23,17,93.66,0,30,56,82.55,8.26,6.31,8.34,7.5,5.59,77.61,6.11,Medium
EMP02784,50,22,92.75,9,52,21,88.71,6.72,9.39,8.87,6.22,8.63,56.11,6.47,Low
EMP02785,31,14,97.63,3,37,50,95.41,8.35,6.56,8.44,7.85,5.17,52.21,4.39,Low
EMP02786,23,17,91.72,6,40,31,82.39,9.45,5.12,7.31,9.62,7.64,90.12,5.18,Medium
EMP02787,32,25,95.57,4,78,63,66.0,8.51,7.7,6.3,5.18,6.65,56.15,5.32,Low
EMP02788,34,27,84.97,1,50,18,83.93,8.36,9.85,9.05,9.82,5.75,56.87,6.64,Medium
EMP02789,31,14,93.56,7,45,67,74.96,8.79,5.4,6.73,8.72,9.45,78.53,2.55,Medium
EMP02790,35,12,98.04,1,49,51,78.11,7.5,6.43,8.06,8.43,8.7,86.56,7.57,Medium
EMP02791,39,16,87.71,7,58,47,98.38,6.1,7.35,5.58,8.07,8.87,50.4,6.93,Low
EMP02792,30,1,95.58,1,40,33,82.2,9.08,9.15,8.7,6.29,7.18,72.11,11.8,Low
EMP02793,49,13,94.5,4,68,68,65.99,8.24,6.34,9.76,9.43,8.24,81.56,10.62,Medium
EMP02794,24,6,81.19,3,35,40,77.73,6.57,6.72,7.25,9.86,5.45,86.9,6.09,Medium
EMP02795,41,17,91.63,0,26,69,69.14,6.38,6.92,7.74,9.62,5.7,97.4,8.68,Medium
EMP02796,27,12,82.6,7,41,25,65.42,7.5,6.9,9.5,5.54,6.61,50.81,8.21,Low
EMP02797,48,23,99.35,9,26,45,88.49,6.04,6.0,8.98,8.68,7.29,94.93,3.58,Medium
EMP02798,23,19,96.23,2,21,15,85.14,9.39,9.58,9.81,7.78,5.47,98.33,4.66,Medium
EMP02799,50,6,82.19,3,56,54,79.91,8.94,8.96,6.33,8.94,7.82,93.29,1.37,Medium
EMP02800,59,7,82.44,3,33,50,76.93,6.54,9.88,7.35,6.76,6.2,97.44,2.05,Medium
EMP02801,24,1,91.89,4,27,43,72.89,5.25,6.85,7.28,9.78,8.87,55.93,4.41,Medium
EMP02802,37,1,86.9,2,48,39,63.52,5.26,5.23,7.37,6.56,5.0,99.61,9.56,Low
EMP02803,51,29,80.7,8,63,73,71.97,6.49,5.58,9.57,8.69,9.33,88.26,8.87,Medium
EMP02804,23,5,90.83,3,26,73,93.54,5.74,6.79,6.03,7.52,8.66,53.47,11.61,Low
EMP02805,38,6,87.76,9,57,68,91.35,9.37,9.56,9.47,8.08,7.73,83.94,5.03,Medium
EMP02806,33,16,82.02,3,64,61,98.89,7.1,9.91,7.86,5.58,8.69,85.16,4.77,Medium
EMP02807,56,25,96.04,5,41,63,86.24,6.74,9.11,7.68,8.05,6.82,81.47,2.13,Medium
EMP02808,22,16,98.3,7,63,32,82.15,6.09,6.19,7.08,7.82,5.81,93.73,9.66,Medium
EMP02809,36,14,95.13,6,36,17,71.84,9.21,8.3,7.7,8.59,5.05,87.44,2.82,Medium
EMP02810,47,1,96.45,3,35,32,63.07,8.96,7.98,9.02,6.44,7.74,58.09,11.49,Low
EMP02811,58,13,84.33,3,52,72,84.72,6.92,9.12,7.46,9.16,6.46,62.51,4.47,Medium
EMP02812,42,20,85.27,4,58,21,79.53,5.85,7.55,8.88,9.73,6.06,73.17,8.12,Medium
EMP02813,52,10,84.17,9,54,42,90.36,9.76,6.59,7.08,9.41,9.34,69.74,5.95,Medium
EMP02814,46,24,95.3,4,57,31,76.47,6.58,5.1,5.91,6.96,8.63,83.15,3.47,Medium
EMP02815,44,10,98.96,0,79,39,99.42,8.86,8.98,7.07,8.81,9.95,56.82,6.02,Medium
EMP02816,45,9,94.34,7,51,32,75.9,7.32,7.65,8.62,6.83,8.31,67.72,4.59,Medium
EMP02817,59,13,97.63,9,72,66,73.32,8.91,7.67,9.26,9.32,9.48,62.14,7.88,Medium
EMP02818,49,3,92.77,4,22,54,94.84,7.41,9.79,8.86,6.88,5.59,64.68,7.06,Low
EMP02819,42,27,87.75,2,73,57,75.82,9.63,7.43,6.87,5.93,8.61,85.54,1.91,Medium
EMP02820,39,18,88.52,2,22,17,94.84,9.0,6.58,7.9,7.45,5.43,54.02,1.79,Low
EMP02821,57,20,81.51,3,27,39,61.09,6.3,6.7,6.8,5.68,5.47,94.37,11.62,Low
EMP02822,56,2,80.63,6,65,21,87.7,7.15,5.06,8.52,7.93,9.29,82.05,4.32,Medium
EMP02823,30,17,93.91,4,50,61,62.87,5.5,5.61,7.18,7.88,6.8,70.58,2.0,Low
EMP02824,59,28,88.77,0,74,24,65.93,9.52,5.22,8.82,7.45,6.58,74.29,3.0,Medium
EMP02825,51,19,91.04,4,28,58,88.0,5.35,6.22,5.06,8.02,5.92,84.91,2.7,Medium
EMP02826,55,23,91.15,4,24,58,71.59,5.09,5.32,6.7,9.88,7.42,86.54,3.31,Medium
EMP02827,53,13,85.55,5,47,65,68.42,7.48,6.66,9.39,6.92,6.02,90.24,1.52,Medium
EMP02828,24,13,89.52,6,34,33,92.06,8.02,5.63,6.62,7.11,7.69,63.18,3.17,Medium
EMP02829,24,1,89.42,4,68,29,97.85,6.12,9.59,6.97,6.37,8.3,92.89,11.35,Medium
EMP02830,49,2,87.77,1,46,35,69.3,7.85,9.69,8.95,5.92,8.27,91.53,7.29,Medium
EMP02831,36,1,96.41,1,61,35,72.69,9.48,8.02,5.47,6.45,6.82,92.75,4.58,Medium
EMP02832,44,24,89.02,3,50,72,88.56,8.13,9.03,6.56,6.06,8.52,54.04,9.68,Low
EMP02833,32,5,92.07,0,78,51,92.61,7.28,8.39,8.87,7.16,6.33,57.18,10.85,Low
EMP02834,53,24,97.91,6,59,42,99.97,5.72,9.06,9.79,6.17,9.04,81.24,1.78,Medium
EMP02835,57,3,97.32,0,37,59,70.93,5.84,8.2,8.91,7.59,5.0,97.65,4.79,Medium
EMP02836,54,29,97.81,2,57,46,82.26,7.42,7.15,5.86,6.43,9.83,55.5,10.0,Low
EMP02837,45,28,85.4,9,68,71,65.36,7.32,9.37,9.18,7.12,7.17,86.94,7.68,Medium
EMP02838,55,7,80.7,6,73,55,73.23,7.61,7.19,7.38,5.65,6.67,56.81,8.51,Low
EMP02839,49,24,85.22,5,23,68,61.8,7.54,6.98,8.92,5.82,8.12,97.52,7.16,Medium
EMP02840,58,22,85.57,6,40,41,68.43,6.71,8.12,6.2,8.07,9.4,90.01,1.9,Medium
EMP02841,28,13,98.19,4,66,73,80.26,8.48,9.69,6.71,7.83,6.76,64.42,10.36,Low
EMP02842,25,29,92.98,7,61,37,66.55,6.06,7.21,9.51,5.86,5.35,52.38,3.62,Low
EMP02843,58,23,81.63,5,42,24,95.58,9.26,7.87,9.55,6.47,6.77,71.83,2.14,Medium
EMP02844,22,28,82.71,3,64,54,88.41,5.97,7.46,6.43,6.11,5.03,76.25,4.73,Low
EMP02845,22,18,83.11,0,41,55,61.11,7.08,9.55,5.42,8.99,5.93,76.35,9.2,Low
EMP02846,41,24,92.61,1,20,20,95.07,6.05,8.38,9.65,6.82,5.26,92.6,10.68,Medium
EMP02847,40,21,94.71,5,44,38,99.09,8.09,7.1,6.5,7.03,6.94,99.05,8.16,Medium
EMP02848,50,7,97.19,3,73,32,80.07,7.39,8.03,5.6,8.32,5.3,71.6,4.94,Medium
EMP02849,31,1,98.81,2,73,24,72.58,6.87,5.78,6.74,6.63,9.92,58.19,9.01,Low
EMP02850,39,5,84.03,6,60,70,70.54,7.38,6.71,6.41,6.89,8.91,68.85,9.43,Low
EMP02851,49,17,86.2,6,47,29,63.5,7.11,8.68,5.4,8.99,7.1,85.61,11.15,Medium
EMP02852,56,28,84.81,1,77,59,79.66,9.28,7.81,9.92,8.97,8.95,79.18,2.3,Medium
EMP02853,52,29,87.18,7,56,57,62.01,5.62,6.57,6.47,8.02,7.09,54.34,2.54,Low
EMP02854,48,8,98.29,0,30,48,80.15,8.97,6.81,6.36,7.79,8.24,60.5,5.8,Medium
EMP02855,32,15,91.5,9,41,22,70.1,8.28,9.05,7.1,5.91,9.11,84.68,4.75,Medium
EMP02856,59,20,94.76,6,73,64,79.06,6.74,7.7,7.07,7.37,8.42,84.9,9.49,Medium
EMP02857,26,4,89.8,9,74,49,76.74,9.6,6.19,7.17,6.37,5.42,80.45,7.47,Low
EMP02858,29,2,80.58,0,44,69,72.2,5.88,6.48,9.53,8.65,5.22,64.7,2.06,Low
EMP02859,55,5,81.28,2,72,41,77.95,6.55,7.34,5.3,8.14,7.85,58.16,6.88,Low
EMP02860,33,1,90.76,2,40,39,78.96,6.87,8.81,9.71,6.89,5.98,61.44,4.14,Low
EMP02861,59,25,94.38,9,55,17,93.35,8.24,9.99,8.33,7.68,9.92,90.38,5.48,Medium
EMP02862,22,5,84.31,1,77,35,86.63,9.73,5.93,8.49,7.11,5.08,74.43,1.9,Medium
EMP02863,52,6,94.44,9,39,71,77.33,7.97,8.77,5.79,5.73,8.74,67.56,1.39,Medium
EMP02864,25,2,96.21,4,35,53,96.21,9.28,8.09,6.65,8.9,5.21,56.8,11.62,Medium
EMP02865,26,26,88.24,3,47,46,90.23,9.52,7.66,5.26,9.49,8.05,69.63,9.16,Medium
EMP02866,51,26,94.93,5,75,64,63.03,7.33,9.83,8.27,9.65,7.1,70.89,8.19,Medium
EMP02867,45,1,88.08,1,48,67,66.15,7.36,6.61,6.7,8.95,8.16,94.3,8.44,Medium
EMP02868,24,4,93.57,3,69,35,63.27,6.25,5.88,7.76,9.11,8.81,97.01,8.01,Medium
EMP02869,32,7,95.28,6,45,23,72.75,8.01,9.39,8.76,5.28,5.17,91.97,5.17,Low
EMP02870,25,22,99.84,0,59,64,77.43,5.6,5.34,7.77,8.91,7.61,69.41,6.48,Medium
EMP02871,47,26,86.91,2,21,15,80.17,8.17,9.09,5.36,6.52,9.71,77.96,11.18,Medium
EMP02872,48,1,88.22,0,68,18,94.06,9.46,7.95,5.31,5.69,6.09,92.06,5.08,Medium
EMP02873,48,1,83.31,1,29,18,60.72,8.8,5.82,9.34,7.61,5.39,52.52,3.1,Low
EMP02874,27,8,84.08,8,32,63,77.13,8.25,6.14,6.31,7.85,8.85,76.64,1.6,Medium
EMP02875,36,20,93.87,9,34,40,76.44,9.19,5.78,6.81,7.42,8.71,69.93,3.87,Medium
EMP02876,51,16,98.34,4,28,69,97.9,8.65,8.59,6.09,8.26,6.95,69.05,2.44,Medium
EMP02877,58,21,87.89,3,46,48,69.64,7.65,5.74,8.49,8.57,9.15,67.5,8.16,Medium
EMP02878,58,13,83.6,3,27,41,64.9,7.61,8.41,6.93,5.69,7.72,82.02,3.6,Low
EMP02879,58,23,85.7,7,25,29,65.69,5.54,5.64,7.28,8.08,7.38,70.87,4.65,Low
EMP02880,56,24,89.1,2,55,59,80.81,7.17,9.01,8.37,5.27,9.11,66.11,2.05,Low
EMP02881,44,26,85.81,3,69,46,75.64,7.61,9.6,8.12,7.24,5.49,78.32,5.79,Low
EMP02882,27,23,84.67,1,43,55,90.17,7.35,7.8,8.87,5.5,6.12,68.66,11.5,Low
EMP02883,25,18,94.72,5,22,21,72.93,8.88,9.83,8.74,7.25,7.22,51.73,5.83,Low
EMP02884,39,20,80.16,8,45,58,65.12,5.8,6.95,7.2,5.88,5.43,70.88,9.26,Low
EMP02885,30,10,90.78,3,55,58,75.48,8.97,6.22,5.96,8.67,9.98,59.8,7.27,Medium
EMP02886,50,12,95.88,5,40,28,95.32,8.71,5.89,6.12,9.5,6.57,55.0,4.49,Medium
EMP02887,34,1,85.32,3,32,37,76.22,9.5,7.39,8.53,5.85,9.74,93.63,11.36,Medium
EMP02888,38,10,92.07,1,71,61,93.35,6.87,5.65,6.31,8.68,7.37,84.59,6.7,Medium
EMP02889,53,9,93.38,5,30,15,74.86,5.88,9.38,7.2,5.73,9.62,69.04,9.49,Low
EMP02890,43,3,93.1,6,27,46,71.26,8.79,8.92,5.54,7.17,7.2,99.26,2.35,Medium
EMP02891,25,28,88.92,3,76,55,90.99,7.94,7.81,5.61,8.13,9.07,68.36,3.49,Medium
EMP02892,26,19,86.93,6,65,40,68.37,8.56,8.61,6.25,7.69,8.76,62.22,5.98,Medium
EMP02893,58,26,96.72,7,65,62,69.27,9.98,5.25,5.42,5.29,9.73,73.68,9.46,Medium
EMP02894,34,9,95.17,2,67,23,61.99,5.97,6.02,6.37,6.81,8.19,97.28,9.97,Medium
EMP02895,55,10,86.43,1,33,30,67.51,7.06,8.11,7.84,7.35,6.14,83.2,11.76,Low
EMP02896,43,19,82.06,4,52,45,75.15,5.96,7.39,8.72,6.96,7.71,86.53,11.46,Low
EMP02897,44,16,81.44,1,21,16,75.98,9.3,8.02,5.16,8.33,5.73,58.26,5.65,Low
EMP02898,24,24,81.89,9,79,46,76.83,5.08,5.44,8.0,9.44,6.67,52.01,6.85,Low
EMP02899,55,18,91.66,4,71,24,79.19,5.68,8.26,6.82,8.34,8.95,76.86,1.28,Medium
EMP02900,53,14,81.03,9,20,39,82.88,6.24,9.02,6.13,7.95,5.07,66.52,6.38,Low
EMP02901,42,29,86.74,5,30,32,67.58,8.86,7.73,5.16,5.75,8.1,52.13,1.41,Low
EMP02902,42,3,95.06,7,25,59,84.56,8.14,6.79,6.63,6.74,8.46,94.81,1.15,Medium
EMP02903,32,2,85.89,5,51,48,73.46,6.94,5.87,8.95,7.74,9.5,51.26,7.12,Low
EMP02904,25,1,95.27,3,34,43,89.36,5.79,6.33,7.65,9.67,8.78,50.63,10.87,Medium
EMP02905,22,18,94.91,2,31,59,82.29,6.61,7.61,8.88,6.52,7.01,64.96,11.61,Low
EMP02906,49,24,84.92,1,56,38,82.17,8.72,6.28,7.06,6.69,8.83,74.86,9.07,Medium
EMP02907,45,9,94.58,0,48,17,87.42,6.91,8.89,9.22,7.95,8.13,72.54,9.22,Medium
EMP02908,56,13,94.96,1,74,29,73.32,7.31,5.66,5.75,9.5,7.93,68.0,5.86,Medium
EMP02909,34,2,87.95,1,63,17,77.17,8.04,7.58,9.1,7.72,5.37,93.19,7.23,Medium
EMP02910,55,7,84.21,4,41,69,83.32,9.56,7.48,7.38,5.87,7.7,64.88,7.43,Low
EMP02911,32,16,90.43,8,65,45,76.86,6.25,5.69,8.73,5.38,9.34,82.64,1.77,Medium
EMP02912,57,21,98.43,0,33,24,77.77,7.24,9.97,6.2,9.44,7.18,69.93,1.5,Medium
EMP02913,38,19,92.79,3,38,52,70.9,6.55,9.12,7.43,8.35,8.52,69.43,2.6,Medium
EMP02914,56,25,83.46,9,24,69,71.5,7.33,6.93,8.66,6.1,9.52,96.64,9.74,Medium
EMP02915,39,15,93.66,6,54,36,87.96,8.48,8.42,7.42,8.62,7.67,84.87,7.17,Medium
EMP02916,43,22,88.54,9,44,28,60.17,7.41,8.58,7.29,8.6,5.44,76.91,7.5,Low
EMP02917,45,11,91.83,2,69,23,63.81,9.17,8.26,9.05,8.86,5.27,58.73,4.84,Low
EMP02918,40,1,94.68,7,57,32,97.95,7.77,7.16,5.81,9.46,8.99,56.88,10.55,Medium
EMP02919,58,21,90.3,2,28,22,67.48,6.93,9.43,7.38,5.76,5.16,59.68,11.6,Low
EMP02920,42,7,96.28,7,77,73,76.72,8.91,8.86,9.11,9.78,9.99,81.35,3.35,Medium
EMP02921,29,20,94.44,1,26,52,93.99,7.16,7.71,9.23,9.99,5.64,52.8,4.46,Medium
EMP02922,49,8,92.3,4,72,29,60.0,7.58,5.01,5.59,5.07,8.88,73.2,4.61,Low
EMP02923,26,10,83.02,3,37,60,97.01,9.97,6.12,9.25,5.46,9.34,72.99,11.59,Medium
EMP02924,38,5,96.72,8,21,29,62.14,8.93,7.54,5.06,7.17,6.53,95.89,6.7,Medium
EMP02925,58,9,98.72,2,71,66,66.83,9.28,9.49,9.28,5.17,7.71,68.5,7.24,Low
EMP02926,57,25,82.74,4,29,20,61.16,7.96,8.14,6.32,8.67,9.76,94.83,5.05,Medium
EMP02927,40,25,89.76,9,63,68,80.78,6.74,7.09,7.89,8.25,9.78,80.75,10.89,Medium
EMP02928,48,1,85.18,8,21,26,97.72,9.96,5.24,5.05,8.88,9.65,69.5,3.1,Medium
EMP02929,55,2,95.09,5,79,56,93.56,6.22,7.99,8.66,9.99,6.37,76.33,6.03,Medium
EMP02930,32,19,94.43,1,64,33,85.59,9.36,6.75,7.16,9.67,5.3,54.71,3.48,Medium
EMP02931,33,14,82.82,0,27,54,67.42,9.56,7.69,9.23,6.5,5.51,94.48,7.44,Medium
EMP02932,42,20,97.54,0,77,19,94.78,9.09,8.83,7.78,6.98,5.71,81.57,7.03,Medium
EMP02933,32,10,83.62,6,74,41,90.19,5.57,9.02,9.17,8.88,8.36,71.78,2.44,Medium
EMP02934,49,9,95.95,1,26,24,70.67,9.27,9.32,8.06,6.94,9.01,88.79,10.14,Medium
EMP02935,26,10,89.14,6,54,57,92.2,8.32,8.18,8.73,8.49,5.25,70.22,2.35,Medium
EMP02936,38,29,86.57,0,42,66,95.09,8.4,9.53,8.74,9.59,9.45,73.05,2.94,Medium
EMP02937,41,6,83.16,3,27,60,87.93,8.93,8.45,6.23,7.03,8.74,71.1,3.98,Medium
EMP02938,33,17,83.35,9,40,28,64.02,7.45,8.92,7.89,7.8,7.65,99.83,9.95,Medium
EMP02939,27,28,93.24,3,52,48,99.37,6.34,8.43,9.37,9.21,9.95,88.51,3.24,High
EMP02940,38,25,91.01,4,66,72,63.04,7.87,9.36,9.39,7.39,6.33,96.44,3.41,Medium
EMP02941,40,6,82.44,9,20,63,86.18,5.54,6.11,6.92,6.45,6.09,68.98,8.17,Low
EMP02942,47,4,82.25,0,31,29,64.42,8.37,8.8,6.62,6.29,6.67,74.51,10.13,Low
EMP02943,53,20,81.45,6,30,43,96.22,7.41,5.59,8.27,5.36,7.63,60.07,8.69,Low
EMP02944,27,3,94.88,1,67,69,74.0,7.51,5.46,8.89,6.65,6.93,50.51,6.91,Low
EMP02945,57,23,94.24,1,49,40,80.46,5.93,7.46,5.18,8.43,9.15,59.74,8.15,Medium
EMP02946,59,19,81.17,7,23,41,67.15,5.21,6.5,5.47,5.29,9.47,96.45,7.02,Medium
EMP02947,32,18,91.21,8,53,17,81.86,8.06,7.82,8.89,6.37,9.83,72.82,4.92,Medium
EMP02948,54,26,81.69,5,42,17,97.55,8.29,8.39,7.18,5.56,9.09,56.54,8.6,Low
EMP02949,45,24,98.07,0,51,49,96.07,7.49,6.13,8.34,7.02,8.04,72.63,8.56,Medium
EMP02950,44,4,98.14,0,22,72,62.56,8.83,8.5,9.1,5.47,8.07,89.64,7.96,Medium
EMP02951,36,8,93.96,6,47,74,75.13,7.82,9.98,8.78,8.73,5.93,75.04,7.99,Medium
EMP02952,48,17,98.52,7,23,49,70.7,9.24,8.8,9.05,9.64,6.32,96.84,3.6,Medium
EMP02953,32,5,96.23,2,76,64,79.25,6.44,5.87,7.57,5.96,9.99,94.92,11.2,Medium
EMP02954,38,13,96.57,8,69,20,93.35,6.22,8.17,5.79,6.25,6.31,73.66,11.91,Low
EMP02955,35,25,91.39,3,31,28,89.55,6.31,5.05,7.37,5.8,7.33,54.15,7.11,Low
EMP02956,48,1,86.12,3,43,40,73.76,5.15,7.35,9.82,5.94,6.93,85.22,3.46,Low
EMP02957,39,27,84.36,2,52,17,75.31,9.5,7.67,6.53,6.56,8.44,67.82,4.49,Medium
EMP02958,49,13,86.54,7,22,47,86.17,10.0,9.86,7.1,6.41,6.68,89.29,9.14,Medium
EMP02959,25,4,92.57,8,23,56,67.77,9.08,8.69,8.83,6.93,8.41,65.44,3.99,Medium
EMP02960,28,22,83.45,0,49,27,64.11,7.06,8.53,5.38,7.62,9.8,66.53,7.7,Low
EMP02961,56,26,85.17,1,25,43,69.7,6.77,7.66,8.79,8.64,6.26,77.12,2.13,Medium
EMP02962,30,24,89.36,0,68,23,64.96,8.87,7.57,6.37,9.42,6.85,51.24,11.65,Low
EMP02963,29,14,84.66,3,49,46,74.08,7.55,9.96,6.34,7.3,6.71,58.48,10.25,Low
EMP02964,38,3,91.77,9,27,36,97.5,9.7,5.11,7.91,9.54,6.5,92.57,10.04,Medium
EMP02965,38,5,98.46,6,37,36,64.81,6.4,6.52,6.28,8.4,6.35,97.83,9.54,Medium
EMP02966,54,7,94.96,6,35,72,92.73,6.62,5.67,8.21,8.64,8.15,59.6,1.0,Medium
EMP02967,53,1,93.33,5,72,71,81.39,9.99,6.57,9.54,7.61,7.74,88.62,1.75,Medium
EMP02968,29,23,91.65,4,25,48,85.32,9.89,7.32,7.02,7.62,7.54,55.59,7.48,Medium
EMP02969,40,29,89.76,3,43,24,66.8,9.43,6.71,9.72,7.66,9.0,73.63,9.46,Medium
EMP02970,59,12,83.73,7,70,39,66.05,7.02,9.81,9.71,7.46,5.73,75.42,9.31,Low
EMP02971,24,11,97.89,6,47,26,66.51,9.19,8.4,6.04,7.29,5.85,78.19,6.82,Medium
EMP02972,26,24,84.97,9,51,65,86.68,6.42,8.64,7.16,8.87,7.57,68.07,6.73,Medium
EMP02973,34,8,81.83,0,44,17,89.91,6.27,8.71,9.95,6.94,6.77,92.81,1.96,Medium
EMP02974,52,25,95.0,5,47,33,96.81,7.73,9.5,5.64,6.03,5.87,65.17,11.22,Low
EMP02975,37,6,83.51,1,40,47,75.93,9.3,8.84,7.38,5.68,8.45,74.26,4.44,Medium
EMP02976,53,28,87.44,3,27,72,78.48,5.49,5.08,7.16,9.4,7.48,59.69,3.31,Medium
EMP02977,43,22,80.57,4,55,61,78.78,7.83,6.31,9.05,9.31,6.01,78.64,7.56,Medium
EMP02978,50,2,82.74,7,79,69,70.8,8.05,9.95,5.81,6.22,6.32,59.86,1.26,Low
EMP02979,43,19,83.46,5,28,40,73.13,7.9,8.26,6.11,5.59,8.62,62.08,11.57,Low
EMP02980,24,20,81.09,1,59,27,93.87,6.09,5.34,5.88,9.8,6.64,71.87,5.02,Medium
EMP02981,31,20,93.13,4,40,21,73.75,5.32,7.33,5.83,7.41,6.02,63.89,4.25,Low
EMP02982,42,24,96.74,4,70,48,94.76,9.47,9.9,6.29,5.47,9.83,52.01,2.67,Medium
EMP02983,37,14,87.47,5,20,36,72.21,7.87,9.96,7.64,6.08,5.44,89.82,6.59,Low
EMP02984,33,1,97.49,0,72,34,73.6,8.84,7.16,8.53,8.52,5.73,91.01,5.28,Medium
EMP02985,23,10,84.27,7,72,57,82.41,6.82,9.47,6.9,5.41,8.59,95.04,4.37,Medium
EMP02986,45,16,86.51,2,23,37,64.13,5.21,7.96,7.23,7.17,7.13,98.99,2.46,Medium
EMP02987,56,4,83.01,4,29,62,96.88,6.3,7.55,8.96,7.14,8.76,55.66,4.58,Low
EMP02988,51,27,92.41,6,45,28,92.82,5.37,7.06,7.63,8.43,7.76,63.73,10.02,Medium
EMP02989,51,28,88.4,2,59,44,86.82,5.39,9.46,7.95,6.0,5.2,81.53,9.74,Low
EMP02990,56,29,92.27,9,22,37,99.53,6.07,8.11,7.59,9.92,8.42,93.82,7.3,Medium
EMP02991,40,11,95.23,5,63,61,60.64,8.17,6.67,8.95,5.78,9.03,58.12,9.28,Low
EMP02992,29,16,90.91,4,77,66,76.44,9.09,7.46,5.92,7.99,7.76,74.18,7.74,Medium
EMP02993,47,27,92.55,6,28,33,94.33,9.11,7.22,9.91,6.64,6.54,98.94,2.27,Medium
EMP02994,28,20,98.71,9,51,53,77.32,9.69,7.26,9.4,5.66,5.08,66.55,11.18,Low
EMP02995,51,1,85.98,2,22,55,60.21,8.28,6.56,7.0,7.69,9.53,74.56,6.5,Medium
EMP02996,28,16,87.18,1,23,50,66.31,5.1,8.16,7.08,5.85,8.53,84.69,9.14,Low
EMP02997,24,19,94.35,3,25,20,77.36,6.89,5.26,9.24,8.4,5.22,71.09,10.63,Low
EMP02998,22,21,92.23,2,28,37,86.72,5.56,9.43,7.23,5.16,9.2,85.88,10.67,Medium
EMP02999,57,22,83.57,3,45,24,66.51,8.89,7.08,7.54,7.55,5.27,57.38,11.26,Low
EMP03000,46,9,87.52,6,21,49,77.92,5.6,9.0,8.73,6.09,8.56,61.53,8.12,Low
EMP03001,58,9,89.36,4,21,35,60.51,5.53,8.65,6.94,9.75,8.47,69.34,7.97,Medium
EMP03002,22,9,88.39,3,69,46,79.1,5.14,7.36,7.27,8.55,9.58,99.2,3.64,Medium
EMP03003,36,27,83.57,5,40,74,95.84,9.78,5.99,5.19,8.78,5.83,67.44,4.46,Medium
EMP03004,58,17,98.49,6,41,44,83.87,8.93,7.81,5.67,8.53,7.84,95.78,7.64,Medium
EMP03005,34,12,95.25,4,22,47,77.63,6.67,9.74,7.29,8.33,7.72,93.74,3.76,Medium
EMP03006,29,25,89.63,6,54,20,66.49,6.88,5.93,5.23,5.69,5.17,87.79,4.95,Low
EMP03007,26,13,93.6,2,69,19,68.1,5.3,6.28,6.54,9.99,8.19,68.52,2.83,Medium
EMP03008,30,8,97.95,6,78,69,63.06,5.79,9.97,7.19,8.29,6.27,66.52,9.26,Low
EMP03009,22,16,82.72,2,57,29,89.7,6.56,9.46,5.51,9.49,6.66,81.98,7.94,Medium
EMP03010,57,18,85.01,5,52,71,63.09,6.94,7.75,5.33,7.52,6.21,61.63,8.96,Low
EMP03011,56,29,90.85,7,76,57,75.36,8.1,8.47,5.08,6.43,5.28,68.03,5.89,Low
EMP03012,23,27,95.98,5,34,66,89.99,6.75,7.22,7.43,7.19,5.83,90.76,9.09,Medium
EMP03013,44,1,80.73,9,30,39,88.51,9.77,7.02,5.73,7.0,6.04,60.54,6.12,Low
EMP03014,30,1,99.68,2,29,27,83.1,6.71,7.22,8.44,5.08,7.89,91.41,6.86,Medium
EMP03015,55,12,89.1,4,55,20,82.85,9.71,7.07,7.46,8.37,5.67,77.6,2.4,Medium
EMP03016,35,6,87.18,8,33,51,63.61,8.65,8.38,5.09,8.69,9.6,75.58,1.4,Medium
EMP03017,25,9,85.85,7,21,16,67.0,9.5,6.65,5.3,5.2,6.16,80.68,9.2,Low
EMP03018,51,23,83.49,5,64,31,81.39,8.52,5.85,9.59,6.23,8.26,81.57,10.8,Medium
EMP03019,52,5,95.83,8,67,38,73.92,7.84,8.53,5.62,8.32,5.79,77.92,4.97,Medium
EMP03020,59,27,99.11,1,63,26,60.76,7.55,5.16,8.79,6.61,8.98,85.07,10.32,Medium
EMP03021,32,16,88.27,8,73,58,91.93,6.46,8.59,6.23,9.67,5.36,67.9,4.03,Medium
EMP03022,56,18,99.05,9,56,68,86.15,6.49,6.32,6.61,5.56,8.69,90.54,9.05,Medium
EMP03023,29,17,96.48,9,70,28,73.03,6.12,5.95,5.12,9.64,6.97,61.06,7.4,Low
EMP03024,24,18,89.62,5,48,21,63.93,6.93,6.89,7.78,9.57,7.33,85.72,1.37,Medium
EMP03025,35,1,93.48,8,54,68,83.65,5.63,5.59,7.34,9.78,6.83,69.27,3.66,Medium
EMP03026,34,19,88.7,3,72,40,73.94,6.94,6.92,8.72,5.39,7.01,84.74,7.92,Low
EMP03027,53,22,91.17,4,39,46,70.22,9.17,5.51,9.53,6.36,5.03,51.62,3.29,Low
EMP03028,55,29,81.16,1,40,43,88.86,9.35,7.42,7.74,6.26,5.13,69.51,7.49,Low
EMP03029,40,8,93.93,2,53,60,73.13,8.21,5.88,9.76,9.43,8.97,98.16,8.78,Medium
EMP03030,59,3,81.06,0,78,53,65.44,6.28,5.65,5.74,9.04,6.07,78.64,4.81,Low
EMP03031,37,26,96.34,3,68,23,79.27,6.2,7.9,6.72,5.79,8.04,74.97,8.61,Low
EMP03032,23,25,96.5,1,72,28,93.14,6.39,8.13,9.15,5.71,8.27,62.37,8.07,Low
EMP03033,38,26,84.74,1,62,67,93.99,7.5,5.03,7.77,7.37,8.49,74.57,11.86,Medium
EMP03034,55,5,86.47,0,52,31,93.97,9.88,6.94,7.73,5.87,7.99,91.17,7.76,Medium
EMP03035,37,23,89.63,9,38,63,76.84,5.55,5.39,7.3,7.38,8.14,66.92,4.03,Low
EMP03036,59,8,91.93,1,27,39,91.64,7.5,8.69,5.09,9.22,7.91,78.24,3.72,Medium
EMP03037,23,19,85.75,3,50,67,94.01,8.41,8.41,5.4,7.5,9.64,83.68,8.26,Medium
EMP03038,23,18,91.85,5,30,44,78.38,6.23,5.25,5.45,8.62,8.32,70.04,2.14,Medium
EMP03039,47,18,85.96,6,27,59,72.75,9.85,9.71,5.95,6.25,6.76,64.15,3.49,Low
EMP03040,34,21,81.11,6,44,43,88.08,6.75,9.8,5.47,6.33,6.78,57.78,1.1,Low
EMP03041,52,1,80.05,6,68,73,96.18,9.66,6.67,5.53,7.97,5.4,55.06,6.63,Low
EMP03042,55,15,82.02,3,39,43,98.89,7.99,5.65,8.18,9.26,9.96,62.05,9.64,Medium
EMP03043,24,18,95.85,4,57,32,71.61,5.02,5.57,5.59,7.66,9.45,50.98,6.62,Low
EMP03044,29,29,99.23,2,26,45,98.25,6.56,9.2,7.33,5.99,5.22,88.01,4.14,Medium
EMP03045,44,25,88.54,0,72,33,79.97,5.11,7.3,5.32,6.09,9.31,55.59,10.22,Low
EMP03046,35,7,90.25,7,32,31,72.24,6.91,5.05,6.35,8.09,5.69,94.95,6.33,Medium
EMP03047,48,16,82.94,9,58,20,99.54,9.66,9.63,9.62,5.52,6.2,75.54,8.59,Low
EMP03048,50,16,91.02,6,62,26,95.11,8.9,7.96,5.16,5.33,8.4,72.85,11.85,Medium
EMP03049,22,15,82.89,8,29,52,87.7,8.1,8.45,9.38,5.51,8.65,53.24,9.95,Low
EMP03050,38,6,92.22,9,27,17,95.8,7.69,9.12,8.8,6.96,7.53,56.67,10.36,Low
EMP03051,51,9,98.67,3,61,61,87.26,6.86,9.09,9.6,6.77,9.84,92.84,2.33,Medium
EMP03052,34,7,83.91,4,73,49,77.62,6.06,5.38,8.93,5.01,7.45,83.64,6.95,Low
EMP03053,42,14,95.29,4,62,69,97.92,5.31,7.87,9.13,5.81,6.29,54.73,11.97,Low
EMP03054,40,11,80.47,6,39,61,98.53,5.95,8.48,5.54,6.74,5.05,84.06,4.56,Low
EMP03055,40,21,87.51,8,36,47,72.57,6.76,5.43,9.18,7.15,9.34,56.55,1.46,Low
EMP03056,46,16,82.21,7,30,67,74.18,7.6,6.11,7.39,7.01,6.98,86.63,1.37,Medium
EMP03057,43,25,87.05,6,35,43,75.31,6.02,6.98,6.76,6.6,8.91,97.23,11.77,Medium
EMP03058,52,6,83.47,0,56,17,92.89,9.87,9.43,5.77,9.06,8.87,87.92,5.78,Medium
EMP03059,38,22,87.47,9,61,19,91.65,5.38,9.25,5.0,7.08,5.22,91.19,4.13,Medium
EMP03060,44,27,88.35,5,51,73,99.32,5.47,8.91,8.21,8.22,9.11,81.03,6.65,Medium
EMP03061,53,16,86.01,9,45,28,78.61,8.41,9.95,8.63,9.16,6.45,50.19,7.71,Low
EMP03062,31,20,93.13,8,77,50,89.47,8.78,6.21,6.94,9.27,9.21,89.26,10.69,Medium
EMP03063,31,29,98.38,6,71,68,94.27,9.86,7.34,5.82,9.29,7.46,70.21,5.87,Medium
EMP03064,57,16,88.01,0,56,42,68.85,7.65,7.23,5.72,7.47,7.96,93.65,10.38,Medium
EMP03065,29,12,83.85,8,71,55,84.82,5.83,8.39,5.84,8.31,5.51,78.64,3.86,Medium
EMP03066,41,17,85.41,2,28,46,81.91,9.69,9.25,5.28,6.57,6.9,59.58,7.03,Low
EMP03067,53,5,97.08,8,54,32,89.71,9.9,7.46,6.8,9.31,9.85,52.74,9.6,Medium
EMP03068,35,27,91.43,3,22,56,87.82,9.62,7.46,8.08,6.07,9.63,77.75,5.87,Medium
EMP03069,49,25,89.1,8,50,54,92.51,9.36,8.04,7.24,8.94,9.97,78.34,4.05,Medium
EMP03070,45,13,82.99,7,61,27,72.45,5.39,8.71,5.63,7.35,7.55,93.0,9.9,Medium
EMP03071,36,8,88.99,6,26,16,68.65,9.27,6.01,9.08,6.49,9.09,51.94,9.88,Low
EMP03072,43,24,85.57,3,21,66,92.21,9.77,9.81,6.44,6.9,7.28,91.06,4.11,Medium
EMP03073,51,5,98.86,8,44,39,74.42,7.76,5.46,8.01,7.94,9.71,70.28,7.65,Medium
EMP03074,25,12,97.68,3,59,34,71.5,8.86,5.12,6.23,9.65,9.93,76.42,3.71,Medium
EMP03075,34,9,81.68,0,31,21,73.47,8.3,6.79,7.97,5.49,9.39,76.67,10.86,Low
EMP03076,44,3,90.33,5,49,25,62.65,6.44,8.51,5.65,9.6,8.11,69.12,1.83,Medium
EMP03077,29,3,84.5,3,73,19,90.93,7.94,9.89,8.28,9.08,9.94,59.3,5.21,Medium
EMP03078,39,1,88.22,9,49,43,88.61,9.45,9.66,7.87,7.94,9.92,53.94,8.15,Medium
EMP03079,33,25,97.54,2,48,32,82.11,7.48,8.44,7.6,5.65,7.38,60.35,10.46,Low
EMP03080,52,22,90.55,4,60,22,88.64,7.95,7.18,6.09,9.06,6.52,85.71,9.75,Medium
EMP03081,35,18,86.68,2,30,41,74.93,7.66,7.98,7.65,8.45,5.94,84.11,8.53,Medium
EMP03082,55,24,84.16,8,70,72,71.81,6.41,9.84,9.49,7.49,8.39,83.77,11.19,Medium
EMP03083,39,12,96.01,5,71,56,94.49,8.22,6.33,5.63,9.43,5.17,95.38,1.27,Medium
EMP03084,55,9,92.49,2,42,16,76.9,7.55,7.39,8.52,8.32,8.82,72.84,11.77,Medium
EMP03085,32,9,89.36,4,36,49,67.84,6.16,8.46,5.57,6.44,5.26,87.96,4.8,Low
EMP03086,33,18,84.35,7,32,40,89.96,9.48,5.05,6.69,5.22,6.33,83.41,9.23,Low
EMP03087,36,18,86.68,7,52,37,73.43,9.75,6.91,8.42,8.8,7.49,96.85,4.07,Medium
EMP03088,52,29,99.2,5,20,19,68.47,5.28,7.84,7.8,6.28,5.49,83.49,5.56,Low
EMP03089,50,7,90.4,4,79,30,61.09,8.11,9.5,8.39,6.4,5.18,59.01,10.64,Low
EMP03090,47,27,88.01,4,59,56,98.82,7.08,9.96,9.82,7.25,7.4,87.21,5.93,Medium
EMP03091,39,4,90.43,0,32,25,78.69,7.63,7.78,9.85,8.75,9.43,67.9,10.73,Medium
EMP03092,53,13,95.58,1,57,33,66.47,6.87,9.72,9.57,9.62,7.04,62.75,7.04,Medium
EMP03093,43,17,86.8,3,22,30,90.31,7.37,5.5,7.47,6.08,6.0,63.91,3.91,Low
EMP03094,59,24,83.57,5,35,46,95.51,6.62,8.51,6.71,9.41,7.04,91.25,6.35,Medium
EMP03095,38,2,91.7,6,61,26,81.12,5.59,7.0,6.4,8.02,8.61,72.64,1.98,Medium
EMP03096,44,14,93.3,0,26,16,61.13,6.51,8.75,7.88,9.28,5.21,73.46,6.26,Low
EMP03097,45,3,94.25,7,73,57,74.61,8.35,9.34,7.27,9.24,5.15,50.53,9.66,Low
EMP03098,29,5,97.64,0,72,36,69.72,5.25,5.27,9.97,6.96,7.31,63.51,1.76,Low
EMP03099,27,14,87.42,8,22,40,85.46,6.91,9.68,7.68,8.39,8.38,94.17,3.57,Medium
EMP03100,26,3,81.51,3,33,47,80.75,5.21,5.34,6.64,9.73,8.07,74.9,5.65,Medium
EMP03101,50,23,99.17,6,35,38,74.23,6.78,8.77,8.18,8.36,8.19,70.82,9.34,Medium
EMP03102,49,7,88.7,5,23,19,85.94,5.44,5.35,5.22,7.29,5.83,53.7,9.26,Low
EMP03103,32,18,92.47,8,50,35,83.38,6.7,9.31,5.55,6.86,7.69,64.67,10.76,Low
EMP03104,22,13,93.33,1,32,60,96.26,9.19,6.02,8.32,5.72,6.89,56.56,2.6,Low
EMP03105,40,29,90.93,6,46,32,83.87,8.07,7.17,5.62,9.99,5.55,58.22,2.71,Medium
EMP03106,30,23,84.11,4,78,53,80.31,8.41,9.66,8.78,8.29,5.64,66.94,8.36,Low
EMP03107,48,27,95.1,6,20,19,92.95,7.52,8.96,5.31,6.38,8.23,53.35,2.98,Low
EMP03108,55,22,96.08,0,44,22,68.1,9.61,8.93,7.97,5.37,9.79,88.91,5.55,Medium
EMP03109,25,10,91.06,9,56,35,69.74,7.71,8.82,8.39,8.77,5.53,81.09,6.93,Medium
EMP03110,57,25,89.77,8,69,61,91.34,5.52,7.85,8.9,9.28,7.47,89.99,3.83,Medium
EMP03111,39,13,82.28,0,63,71,77.69,9.67,9.76,9.43,7.14,6.24,67.39,8.61,Low
EMP03112,36,16,81.68,4,30,19,76.37,5.67,9.16,6.56,9.78,6.41,61.11,10.44,Low
EMP03113,34,9,86.79,7,28,27,95.48,10.0,7.2,8.6,6.64,6.12,79.5,1.13,Medium
EMP03114,40,2,86.22,0,79,33,84.4,7.18,8.71,5.4,8.78,7.73,51.1,4.18,Low
EMP03115,27,23,99.07,6,26,43,92.12,5.37,9.99,9.15,6.31,5.28,54.45,8.83,Low
EMP03116,33,5,95.67,1,33,16,92.39,9.32,9.36,9.45,6.68,8.71,87.07,4.03,Medium
EMP03117,58,29,93.2,6,49,51,64.8,5.46,5.01,8.74,8.03,8.03,94.37,6.75,Medium
EMP03118,38,22,90.35,6,43,40,86.15,5.87,8.69,6.41,5.18,6.92,60.27,9.32,Low
EMP03119,44,17,83.35,8,22,43,98.1,7.09,9.49,5.31,6.05,6.09,89.55,4.78,Medium
EMP03120,47,23,99.57,5,67,72,79.2,8.38,6.64,7.11,5.88,7.68,69.18,9.66,Low
EMP03121,50,22,87.5,3,58,19,89.29,5.61,9.89,6.35,6.64,9.78,70.8,9.98,Medium
EMP03122,54,4,82.14,6,46,46,82.67,8.11,7.01,7.65,8.89,8.54,94.2,11.9,Medium
EMP03123,48,17,89.88,6,20,52,68.19,8.9,7.11,6.97,9.54,6.4,81.05,5.76,Medium
EMP03124,46,9,97.48,3,57,62,67.81,5.62,5.8,5.68,5.06,8.71,90.6,6.23,Low
EMP03125,31,20,97.75,1,45,16,77.35,8.24,5.48,9.18,6.29,7.52,88.79,9.61,Medium
EMP03126,44,2,80.22,8,25,19,79.32,9.79,7.68,9.32,5.13,5.24,78.7,10.55,Low
EMP03127,42,24,97.73,7,78,61,80.13,9.84,8.01,9.07,9.31,8.09,87.39,6.56,Medium
EMP03128,42,18,85.43,4,61,47,98.2,5.81,6.83,6.05,5.99,6.17,85.41,1.24,Medium
EMP03129,34,21,80.78,4,31,65,64.01,8.8,8.03,7.14,8.85,7.05,74.01,6.04,Medium
EMP03130,58,27,96.96,0,73,49,75.22,9.23,6.97,5.86,5.17,7.39,57.59,3.48,Low
EMP03131,54,22,97.28,8,70,33,80.58,9.44,9.34,8.33,6.99,9.0,63.32,2.06,Medium
EMP03132,45,11,91.92,9,57,29,98.52,6.62,9.77,9.02,6.79,7.9,68.82,4.73,Medium
EMP03133,32,13,91.49,7,65,49,80.17,6.35,7.97,7.91,6.65,6.7,79.33,5.31,Low
EMP03134,38,8,96.26,4,54,22,91.01,5.24,9.21,7.73,7.85,8.29,64.89,11.8,Low
EMP03135,25,27,95.73,9,29,61,89.97,7.0,9.27,8.57,6.96,5.96,60.27,6.01,Low
EMP03136,46,1,97.8,5,28,15,82.66,5.62,8.57,5.57,7.02,9.11,51.78,11.64,Low
EMP03137,51,17,91.05,9,42,52,65.23,8.93,5.96,6.24,5.95,6.01,60.63,9.06,Low
EMP03138,30,12,99.35,9,49,36,68.75,5.71,5.77,6.57,7.07,7.79,76.95,3.78,Medium
EMP03139,42,4,99.92,7,71,31,69.61,9.09,9.6,7.66,8.71,6.03,56.98,8.72,Low
EMP03140,41,21,82.33,5,70,30,61.55,5.54,6.33,9.88,6.62,6.63,51.47,5.43,Low
EMP03141,40,13,96.99,9,41,59,75.17,7.4,6.23,9.32,9.29,7.11,53.73,7.37,Low
EMP03142,40,29,90.0,3,66,15,84.42,6.92,5.83,6.24,5.83,6.84,97.61,6.71,Medium
EMP03143,33,9,87.75,2,28,17,65.77,8.01,7.64,6.16,9.23,9.67,51.77,11.25,Low
EMP03144,58,27,92.26,6,38,70,67.0,7.59,8.38,7.18,8.08,6.12,73.62,2.43,Medium
EMP03145,38,7,81.12,1,27,20,88.28,7.99,8.38,9.87,7.12,5.9,84.41,5.88,Medium
EMP03146,58,23,90.13,6,73,66,66.77,5.0,6.31,5.76,5.18,7.59,61.16,1.89,Low
EMP03147,49,24,97.42,0,23,67,65.41,5.64,5.47,9.78,5.63,9.74,98.21,3.8,Medium
EMP03148,56,5,84.27,9,24,72,99.11,7.59,6.55,5.95,7.07,7.52,51.14,1.85,Low
EMP03149,39,5,88.53,4,38,17,60.59,6.15,7.52,9.43,9.39,9.8,94.0,11.33,Medium
EMP03150,35,17,98.79,8,65,61,73.02,5.38,8.06,9.15,9.78,5.95,69.57,4.46,Medium
EMP03151,56,9,88.57,0,37,44,61.4,6.09,6.35,9.41,9.65,5.05,69.19,9.59,Low
EMP03152,28,6,87.17,7,76,61,93.52,8.9,5.92,9.46,6.37,6.51,73.61,9.23,Medium
EMP03153,34,25,88.81,8,48,25,83.34,7.71,9.21,6.09,6.28,8.19,98.57,2.54,Medium
EMP03154,39,19,90.39,8,38,41,61.92,5.95,9.29,8.89,8.7,7.96,81.4,2.55,Medium
EMP03155,58,16,92.64,7,25,36,84.61,5.08,6.4,8.41,9.7,6.21,93.93,5.16,Medium
EMP03156,34,21,96.01,3,24,20,64.92,6.79,7.8,9.39,5.67,8.31,51.39,7.25,Low
EMP03157,57,2,89.04,6,77,52,79.83,6.79,7.2,7.45,6.89,9.15,94.85,5.69,Medium
EMP03158,52,10,96.35,0,62,55,86.78,8.68,5.71,7.07,9.18,8.44,60.67,9.45,Medium
EMP03159,23,16,90.67,6,75,60,65.94,9.6,9.7,8.63,7.46,8.64,65.75,6.9,Medium
EMP03160,37,5,86.77,5,24,45,79.88,6.86,5.05,6.35,9.21,6.54,53.68,10.7,Low
EMP03161,30,15,93.16,4,78,72,78.3,8.44,5.94,9.1,5.58,7.65,95.75,7.52,Medium
EMP03162,30,13,94.35,0,27,57,96.63,8.17,6.73,6.43,8.89,5.21,76.31,7.52,Medium
EMP03163,59,13,91.16,7,46,70,99.83,7.11,9.28,5.22,6.95,6.8,54.5,8.26,Low
EMP03164,32,13,81.13,9,56,20,86.18,5.33,8.94,7.76,8.47,9.08,69.87,7.63,Medium
EMP03165,43,15,83.4,0,62,64,94.19,7.37,7.9,9.18,6.47,8.95,69.06,7.73,Medium
EMP03166,54,14,85.71,0,77,34,85.88,6.77,8.48,8.45,8.46,9.7,52.54,5.95,Medium
EMP03167,57,8,85.65,2,64,61,95.05,7.75,6.7,9.95,8.51,9.84,67.38,2.0,Medium
EMP03168,44,11,93.47,7,57,68,77.33,5.63,9.7,5.7,7.1,9.86,64.64,5.06,Medium
EMP03169,55,18,80.37,7,56,55,84.32,8.62,5.13,6.72,9.85,5.79,95.97,9.45,Medium
EMP03170,30,24,95.11,6,37,25,93.81,8.94,5.5,6.9,5.0,5.6,90.34,1.42,Medium
EMP03171,45,4,85.31,4,45,16,96.72,6.94,9.63,5.29,8.37,9.38,58.0,8.6,Medium
EMP03172,29,26,86.2,7,61,45,60.99,5.88,9.73,5.22,9.54,6.92,96.58,11.79,Medium
EMP03173,28,10,90.56,1,35,52,64.16,8.12,7.45,5.15,9.29,6.79,87.16,5.8,Medium
EMP03174,57,1,84.32,7,41,40,97.25,9.78,7.88,7.04,7.82,7.67,74.54,3.34,Medium
EMP03175,39,29,97.69,1,65,41,82.74,8.5,9.51,9.22,9.48,7.26,71.63,1.25,Medium
EMP03176,24,5,81.71,9,42,72,99.61,5.62,9.27,8.55,5.54,6.12,96.34,10.4,Medium
EMP03177,49,13,88.89,4,66,72,91.71,6.99,9.31,7.23,7.72,9.22,65.28,2.62,Medium
EMP03178,27,1,96.99,3,22,69,92.73,9.58,6.86,6.32,9.91,9.55,68.53,1.47,Medium
EMP03179,42,23,92.32,0,22,60,75.44,8.17,9.15,5.08,9.96,8.74,84.56,6.34,Medium
EMP03180,49,8,85.85,4,31,60,70.3,5.74,5.35,5.88,8.4,5.24,87.96,5.2,Medium
EMP03181,22,3,88.42,6,42,45,83.93,8.62,7.43,6.94,5.84,5.59,66.36,11.56,Low
EMP03182,57,3,94.13,0,66,38,95.16,6.77,6.19,6.85,5.56,6.73,96.1,6.09,Medium
EMP03183,42,7,99.47,1,30,27,89.03,7.45,5.18,6.3,9.61,7.78,62.81,10.19,Medium
EMP03184,56,4,97.86,8,61,39,78.89,7.08,8.09,9.99,9.4,8.05,67.37,11.25,Medium
EMP03185,34,3,86.85,4,71,51,90.13,8.63,5.38,7.24,6.58,5.5,59.83,3.03,Low
EMP03186,31,15,99.96,6,66,55,87.62,6.09,5.6,6.34,9.66,9.8,76.85,4.81,Medium
EMP03187,31,8,80.07,1,69,39,96.52,6.94,5.41,7.04,5.65,7.65,99.96,11.16,Medium
EMP03188,34,3,80.55,6,76,43,70.54,8.72,9.88,6.4,6.47,7.16,85.9,7.11,Medium
EMP03189,58,29,96.48,6,65,45,64.77,8.52,5.2,6.76,8.22,5.96,73.57,4.55,Medium
EMP03190,59,7,83.99,6,48,57,78.8,6.01,6.35,5.63,5.85,9.75,99.15,6.73,Medium
EMP03191,45,18,81.22,4,76,53,74.44,6.75,8.26,5.0,9.95,7.24,52.46,9.04,Low
EMP03192,23,11,84.74,8,25,16,98.99,5.07,9.12,7.46,6.11,5.59,64.3,7.8,Low
EMP03193,43,11,88.52,1,65,70,60.3,7.65,8.04,7.45,6.23,8.07,91.91,11.27,Medium
EMP03194,38,17,94.61,3,35,26,97.34,6.4,9.88,5.78,7.37,6.75,76.22,11.59,Medium
EMP03195,57,28,92.49,1,53,19,98.2,5.06,6.69,9.16,8.89,9.04,50.23,8.83,Medium
EMP03196,35,6,84.75,7,70,41,62.04,7.12,7.36,5.96,5.6,7.73,72.84,8.3,Low
EMP03197,31,8,90.07,0,56,70,95.58,9.63,9.11,8.85,8.34,5.53,51.09,1.15,Medium
EMP03198,56,1,98.52,8,30,48,78.83,9.62,8.41,5.95,5.5,8.75,78.67,9.62,Medium
EMP03199,46,29,96.3,4,30,28,90.65,6.86,6.07,6.41,5.47,6.52,81.64,6.49,Low
EMP03200,24,10,86.46,2,72,21,63.17,7.25,7.49,6.35,5.21,7.04,60.07,10.62,Low
EMP03201,59,28,99.65,3,44,51,98.21,6.21,9.88,6.15,7.72,8.88,99.32,11.26,Medium
EMP03202,38,25,94.17,0,77,50,84.3,5.34,9.32,9.76,7.18,5.53,91.69,5.06,Medium
EMP03203,33,19,81.25,2,38,24,95.95,8.47,5.96,6.32,6.54,9.89,73.19,10.96,Medium
EMP03204,45,3,80.7,7,51,43,86.92,9.0,5.9,7.42,7.64,8.51,65.48,8.26,Medium
EMP03205,50,4,83.37,1,69,30,81.47,9.4,9.14,8.68,7.51,5.96,50.62,5.71,Low
EMP03206,46,11,94.56,1,77,52,66.9,9.68,5.99,6.6,7.37,5.29,84.66,1.56,Medium
EMP03207,57,15,83.67,8,27,35,67.12,9.58,7.26,5.06,5.86,7.72,63.14,9.16,Low
EMP03208,47,1,90.23,4,74,52,78.9,5.14,5.9,8.81,9.48,6.9,69.73,10.83,Medium
EMP03209,59,9,81.87,4,31,55,94.82,9.89,5.07,6.42,8.1,5.15,71.43,7.41,Medium
EMP03210,22,11,98.42,0,60,47,64.61,6.9,9.38,9.37,5.64,8.05,92.69,5.43,Medium
EMP03211,41,19,86.88,5,54,43,99.94,9.43,8.9,7.46,6.28,6.54,92.57,5.97,Medium
EMP03212,49,13,98.16,7,25,62,95.04,7.2,7.35,8.12,8.82,6.61,88.81,8.79,Medium
EMP03213,37,26,98.9,5,40,73,75.7,7.11,5.8,9.75,8.88,5.81,88.34,3.18,Medium
EMP03214,38,16,80.12,6,72,31,70.12,5.06,9.03,9.35,8.63,5.7,74.74,3.25,Low
EMP03215,49,4,89.28,3,45,27,96.88,5.26,6.8,8.96,8.95,5.72,89.56,4.82,Medium
EMP03216,33,1,80.49,1,75,20,64.93,8.36,8.31,7.65,7.99,9.43,92.91,1.33,Medium
EMP03217,48,20,98.17,0,20,16,73.89,9.69,6.58,5.85,6.44,7.67,74.92,8.36,Medium
EMP03218,51,13,90.37,5,36,22,63.36,6.12,7.16,9.21,6.79,7.35,95.02,5.93,Medium
EMP03219,55,1,81.5,8,54,69,98.14,5.47,7.68,5.47,7.55,8.52,99.52,10.83,Medium
EMP03220,58,5,82.21,9,46,68,84.7,6.07,8.81,9.44,6.23,6.6,58.76,8.12,Low
EMP03221,27,5,87.67,4,69,46,73.45,6.06,9.16,8.83,9.27,9.11,98.95,8.75,Medium
EMP03222,28,14,98.8,1,69,50,71.02,6.47,7.22,9.02,8.73,5.99,62.29,8.39,Low
EMP03223,53,27,93.86,0,21,23,77.76,5.47,6.17,6.89,9.9,9.01,96.7,5.6,Medium
EMP03224,53,23,97.35,2,55,37,63.66,6.18,5.77,5.42,7.08,5.28,92.56,11.26,Low
EMP03225,46,14,87.33,3,20,21,95.57,9.61,6.7,8.63,9.35,5.78,95.8,11.06,Medium
EMP03226,54,8,80.86,6,29,45,80.44,9.45,9.01,9.89,8.9,9.46,73.05,6.31,Medium
EMP03227,28,4,99.49,8,50,35,89.0,6.58,6.37,9.29,9.16,5.55,57.55,9.57,Low
EMP03228,33,7,80.34,7,76,15,69.35,9.98,5.24,9.21,8.44,6.23,61.13,11.84,Low
EMP03229,37,20,98.95,8,56,60,80.15,6.49,7.82,8.16,6.75,5.21,65.23,4.64,Low
EMP03230,37,19,87.37,6,24,16,68.44,8.61,5.17,5.58,6.22,7.99,62.49,7.87,Low
EMP03231,57,15,80.2,9,60,54,92.64,8.22,9.42,9.32,6.36,6.64,98.37,7.27,Medium
EMP03232,34,22,93.78,7,65,25,91.01,5.32,8.39,6.11,7.83,8.17,57.8,6.95,Low
EMP03233,28,4,99.61,7,72,51,65.93,6.71,6.28,6.32,9.4,5.43,84.29,11.26,Medium
EMP03234,57,19,99.31,0,32,32,62.98,9.76,7.35,8.78,7.25,6.98,75.58,2.39,Medium
EMP03235,30,9,83.22,8,64,58,92.97,5.25,8.7,8.58,7.99,6.86,51.71,6.68,Low
EMP03236,53,21,83.62,1,78,67,64.39,5.87,9.58,5.36,8.67,7.68,60.58,1.28,Low
EMP03237,32,13,91.31,6,43,38,81.94,9.85,9.37,6.26,9.28,6.48,96.68,4.39,Medium
EMP03238,29,14,92.75,9,46,66,81.38,5.2,5.35,9.09,8.24,9.92,90.84,8.43,Medium
EMP03239,54,23,94.79,9,20,33,68.12,7.23,5.41,9.75,8.15,6.58,79.3,9.58,Medium
EMP03240,44,28,83.62,4,68,19,83.65,9.59,7.99,6.33,9.94,8.48,53.84,10.4,Medium
EMP03241,46,14,99.18,3,39,43,80.11,9.72,7.48,8.8,9.31,6.83,56.93,1.84,Medium
EMP03242,29,22,92.77,0,27,53,80.37,9.9,6.46,7.53,8.67,7.67,86.53,3.03,Medium
EMP03243,43,10,96.94,0,22,16,74.39,7.41,9.88,6.9,9.16,6.13,87.85,5.42,Medium
EMP03244,25,16,90.8,2,68,31,93.54,5.43,8.73,9.49,10.0,5.86,97.9,5.19,Medium
EMP03245,24,5,88.29,0,51,59,63.37,8.86,8.44,7.74,7.53,9.86,60.28,3.79,Medium
EMP03246,50,23,99.54,7,78,25,77.54,8.54,5.91,8.46,8.53,7.7,82.45,11.3,Medium
EMP03247,50,27,91.64,2,63,51,70.39,7.9,6.42,7.96,9.07,7.3,71.54,6.87,Medium
EMP03248,55,6,97.34,9,76,27,93.94,9.44,8.03,8.22,7.22,8.21,55.69,8.23,Medium
EMP03249,55,26,99.07,1,76,43,69.0,9.56,8.98,7.59,9.77,6.12,66.81,9.25,Medium
EMP03250,49,2,93.51,5,44,69,90.68,8.42,9.66,7.67,6.91,9.11,68.37,6.98,Medium
EMP03251,34,13,90.98,3,44,46,84.46,5.56,8.49,9.26,6.22,6.24,72.67,10.17,Low
EMP03252,36,29,80.07,3,69,59,94.99,5.48,7.09,6.51,8.39,7.71,64.65,11.83,Low
EMP03253,44,13,80.8,1,33,54,83.75,7.04,8.46,8.68,5.4,5.64,77.63,5.31,Low
EMP03254,47,19,84.02,1,62,57,82.26,6.46,5.35,6.34,5.63,7.87,80.32,8.08,Low
EMP03255,25,18,83.72,5,46,22,92.05,5.66,8.0,5.35,9.85,7.41,70.64,4.49,Medium
EMP03256,47,28,85.1,4,67,24,82.5,8.06,9.47,9.52,6.41,6.4,68.67,1.76,Low
EMP03257,30,19,86.1,8,51,39,93.78,8.42,8.18,7.05,5.17,6.54,82.78,1.3,Medium
EMP03258,26,1,87.2,3,46,73,61.97,8.49,5.04,8.42,7.37,5.05,52.71,3.56,Low
EMP03259,53,8,88.41,4,23,25,79.81,5.88,8.47,8.79,9.34,5.14,93.32,2.79,Medium
EMP03260,41,22,81.98,0,69,42,92.51,6.53,8.63,8.99,6.67,8.0,98.73,8.94,Medium
EMP03261,32,16,80.85,1,58,47,93.93,6.0,7.71,6.13,7.1,8.59,52.77,6.1,Low
EMP03262,36,29,93.48,2,30,53,93.36,8.01,9.08,8.28,5.78,7.73,85.46,6.94,Medium
EMP03263,53,2,90.75,4,67,40,84.18,7.84,6.01,8.8,6.73,5.41,62.61,1.9,Low
EMP03264,49,8,88.88,4,67,22,99.76,7.52,7.04,5.6,9.83,9.7,71.5,1.21,Medium
EMP03265,43,6,92.69,3,22,52,67.26,6.48,9.04,5.71,9.39,8.57,63.53,5.79,Medium
EMP03266,38,16,96.55,9,44,40,66.98,6.19,8.02,6.82,8.7,6.19,60.71,3.81,Low
EMP03267,47,23,88.55,2,74,46,61.31,9.45,9.97,6.51,8.93,8.36,72.05,7.84,Medium
EMP03268,28,11,92.82,8,43,60,99.57,5.24,5.35,8.99,8.35,5.56,68.58,6.63,Low
EMP03269,47,17,99.07,0,28,42,73.92,8.28,6.22,8.21,5.59,8.9,71.29,10.11,Low
EMP03270,46,23,96.79,5,27,66,90.48,5.1,6.0,7.49,5.59,7.4,90.4,10.22,Medium
EMP03271,31,19,88.52,6,58,21,62.39,5.97,9.88,5.53,7.69,7.05,98.93,6.91,Medium
EMP03272,40,11,92.89,9,50,49,71.95,6.45,9.35,5.56,7.98,5.05,57.17,10.97,Low
EMP03273,32,28,83.54,3,76,16,84.95,9.43,5.67,7.59,9.86,8.26,87.2,11.26,Medium
EMP03274,34,8,91.21,9,78,36,80.99,5.69,6.77,9.41,7.26,9.15,77.46,3.69,Medium
EMP03275,29,22,99.63,2,36,64,68.31,9.69,5.26,8.88,9.59,6.44,68.65,11.75,Medium
EMP03276,25,4,90.37,7,62,36,78.46,9.08,8.16,9.41,9.95,5.06,83.03,11.85,Medium
EMP03277,52,11,98.55,8,50,72,64.35,8.4,6.66,7.83,9.22,8.88,94.08,1.71,Medium
EMP03278,49,8,88.15,0,23,17,81.71,7.06,6.29,6.11,6.99,8.18,82.08,1.03,Medium
EMP03279,32,9,99.98,9,23,60,63.88,9.53,7.62,5.16,8.77,8.88,85.18,1.64,Medium
EMP03280,22,26,91.58,8,56,64,85.44,7.64,8.98,9.7,7.73,7.69,57.41,4.85,Low
EMP03281,59,2,80.85,6,27,59,66.21,6.86,7.02,7.38,5.99,7.3,85.65,9.89,Low
EMP03282,45,16,91.74,0,61,22,81.88,7.93,8.79,9.3,5.65,6.1,99.31,6.55,Medium
EMP03283,52,6,85.49,6,68,18,65.16,6.16,7.23,8.66,5.35,5.39,97.98,4.26,Low
EMP03284,47,21,80.65,4,25,29,76.03,6.36,6.07,9.16,6.63,7.36,70.46,1.61,Low
EMP03285,26,21,96.42,9,28,58,74.07,9.6,7.23,6.05,8.44,9.34,94.11,5.35,Medium
EMP03286,41,26,85.51,6,61,60,90.26,8.97,7.69,8.4,9.57,5.3,79.57,1.4,Medium
EMP03287,32,27,95.93,8,27,66,85.65,7.57,7.31,8.61,6.6,9.95,55.91,2.9,Medium
EMP03288,54,19,85.76,7,51,53,97.48,7.08,6.37,7.76,7.66,9.73,98.91,10.67,Medium
EMP03289,59,28,83.89,5,34,70,96.88,9.04,5.93,9.18,7.34,8.2,80.66,9.38,Medium
EMP03290,48,8,99.48,1,37,26,89.0,7.85,9.73,9.94,5.54,9.57,55.29,11.95,Low
EMP03291,55,14,87.23,7,42,43,90.82,7.08,6.49,5.05,8.8,7.77,78.61,10.84,Medium
EMP03292,36,24,92.03,3,24,23,85.0,7.58,8.53,7.27,7.6,7.02,86.07,10.41,Medium
EMP03293,53,16,92.2,7,69,56,87.67,6.16,6.7,8.77,9.59,7.86,61.86,2.92,Medium
EMP03294,42,12,91.21,6,46,54,84.69,6.01,9.85,8.63,9.18,9.38,84.12,8.13,Medium
EMP03295,26,5,98.29,3,52,34,72.47,9.95,9.94,7.34,6.39,9.79,98.3,7.61,Medium
EMP03296,27,24,93.49,7,21,48,74.03,9.85,9.13,9.21,6.56,9.19,61.58,11.1,Low
EMP03297,59,26,88.07,1,78,40,82.99,7.1,7.91,8.38,7.68,5.9,74.54,9.59,Low
EMP03298,43,24,97.25,8,61,62,88.81,7.58,7.71,7.74,5.63,7.96,65.7,9.52,Low
EMP03299,39,19,83.62,5,57,35,76.24,9.14,6.64,6.36,6.26,7.22,69.4,4.57,Low
EMP03300,35,18,90.88,6,78,37,65.71,8.63,5.61,6.84,9.11,7.41,91.86,2.37,Medium
EMP03301,31,9,99.01,9,47,32,78.38,5.5,5.4,9.95,5.77,7.14,91.18,5.06,Medium
EMP03302,34,2,92.51,0,43,66,98.53,6.87,7.33,9.53,7.73,5.34,50.42,3.29,Low
EMP03303,52,25,96.34,2,70,68,68.56,6.25,9.89,8.48,6.97,9.23,56.1,9.0,Low
EMP03304,51,20,93.07,9,40,38,85.96,9.96,6.23,9.29,6.0,9.89,67.45,6.05,Medium
EMP03305,24,12,96.79,4,50,56,99.3,8.74,7.05,5.68,9.85,6.05,65.15,3.55,Medium
EMP03306,51,29,98.89,6,30,43,75.05,5.24,8.21,6.34,9.13,8.11,54.68,8.24,Low
EMP03307,27,2,85.46,0,69,52,95.52,9.5,6.76,9.43,6.33,7.68,84.38,1.76,Medium
EMP03308,50,10,83.39,8,47,52,94.56,9.64,5.02,7.35,8.93,9.48,82.13,11.1,Medium
EMP03309,29,1,89.68,4,67,68,73.56,6.67,6.98,7.95,5.03,8.52,62.41,7.36,Low
EMP03310,54,4,94.04,2,59,66,63.94,8.21,9.02,9.42,6.39,8.75,68.08,6.07,Low
EMP03311,38,25,84.54,6,23,27,67.14,8.41,9.72,7.02,5.54,9.76,74.4,3.74,Medium
EMP03312,32,12,80.08,9,62,46,74.63,8.65,6.38,7.41,7.12,8.32,52.26,7.03,Low
EMP03313,34,9,86.86,7,61,33,98.37,8.47,9.61,5.56,8.19,7.27,57.74,4.16,Medium
EMP03314,32,4,99.38,9,35,31,70.98,7.8,9.34,9.96,5.86,5.26,82.34,5.34,Low
EMP03315,52,9,93.9,9,31,16,97.07,9.77,7.03,9.87,6.2,9.53,74.28,10.77,Medium
EMP03316,49,28,88.03,2,41,32,67.25,7.56,5.02,6.48,6.96,7.95,80.02,3.14,Medium
EMP03317,27,6,83.85,6,54,72,98.79,5.55,9.22,9.26,8.15,8.41,98.67,4.83,Medium
EMP03318,37,1,87.12,6,62,53,71.74,5.4,6.43,8.69,6.55,7.53,87.78,8.21,Low
EMP03319,25,10,83.4,3,75,41,85.32,5.09,8.78,5.73,8.01,6.97,98.41,8.97,Medium
EMP03320,56,29,82.13,9,35,28,62.79,7.14,7.86,5.12,6.75,7.52,79.55,2.26,Low
EMP03321,47,14,98.13,8,43,68,71.99,6.37,6.11,5.07,6.29,5.24,50.07,11.3,Low
EMP03322,33,22,99.95,0,54,29,68.43,9.48,8.24,5.33,9.28,8.99,54.69,1.3,Medium
EMP03323,32,25,83.28,0,47,22,60.14,9.34,8.82,8.14,6.91,5.79,84.85,1.74,Low
EMP03324,58,29,81.09,4,76,23,66.27,9.19,7.37,7.46,9.59,6.66,65.25,9.38,Medium
EMP03325,46,18,86.59,2,61,35,83.72,9.34,8.74,9.98,6.53,5.43,70.69,9.49,Low
EMP03326,39,6,89.23,9,48,57,75.6,6.49,7.02,6.43,7.71,9.1,83.77,8.33,Medium
EMP03327,40,18,84.1,8,40,49,88.9,7.13,9.9,8.63,5.27,5.84,66.67,6.74,Low
EMP03328,44,20,86.03,4,67,66,86.84,6.56,6.2,6.94,8.4,6.99,93.68,4.18,Medium
EMP03329,59,16,84.02,6,77,28,91.97,5.43,8.89,5.49,8.98,7.08,69.37,10.24,Medium
EMP03330,39,15,95.49,0,44,41,94.68,9.62,8.75,9.39,9.86,6.58,52.22,8.69,Medium
EMP03331,47,16,94.25,1,58,22,92.79,8.08,7.65,7.0,9.18,9.3,99.21,11.65,High
EMP03332,27,8,92.7,3,50,49,77.92,5.66,6.75,9.58,6.56,8.86,74.49,6.0,Medium
EMP03333,25,13,87.74,8,34,32,72.35,6.03,7.23,9.68,7.78,8.72,67.53,6.18,Low
EMP03334,50,23,98.18,4,66,69,80.09,7.25,8.15,9.1,7.96,6.13,94.96,9.71,Medium
EMP03335,55,11,99.39,4,61,28,81.41,5.26,7.65,5.14,5.28,5.95,93.04,11.92,Low
EMP03336,38,28,83.47,8,54,66,72.53,6.36,8.81,9.83,5.36,6.23,51.89,10.86,Low
EMP03337,37,29,84.46,7,57,22,81.6,8.52,6.8,5.62,6.63,6.93,90.42,4.27,Medium
EMP03338,23,25,90.51,1,77,63,64.23,9.6,5.54,9.66,8.72,7.39,74.5,11.49,Medium
EMP03339,55,7,81.83,6,69,22,69.24,9.64,7.53,8.03,6.43,6.25,83.67,3.18,Medium
EMP03340,29,17,88.73,0,41,51,89.84,7.6,6.3,6.89,9.37,7.29,57.3,5.64,Medium
EMP03341,34,18,91.64,9,79,58,67.31,6.56,8.08,8.61,8.22,5.92,83.37,10.76,Low
EMP03342,29,22,90.44,8,24,16,65.56,9.6,7.6,7.53,7.34,6.34,61.5,4.45,Low
EMP03343,51,23,86.62,2,67,31,71.49,8.93,8.89,8.97,7.7,6.3,55.87,4.87,Low
EMP03344,53,19,90.85,1,32,27,74.84,7.94,7.88,7.57,6.66,8.64,56.73,11.94,Low
EMP03345,57,25,99.18,3,51,68,73.14,9.17,7.15,6.84,9.87,7.29,65.0,5.96,Medium
EMP03346,51,13,84.12,3,22,28,74.98,7.29,5.6,6.8,5.88,8.08,99.58,11.42,Medium
EMP03347,22,15,93.1,2,34,55,65.6,5.56,5.6,6.77,9.3,8.35,52.71,4.01,Low
EMP03348,38,23,80.87,1,74,55,66.62,9.69,8.2,7.36,8.39,5.34,66.55,6.51,Low
EMP03349,41,22,81.33,4,46,23,69.43,7.67,9.4,5.55,8.56,8.97,76.25,5.21,Medium
EMP03350,45,29,91.04,3,71,41,76.08,8.48,7.07,8.31,9.18,6.42,60.35,7.21,Medium
EMP03351,43,22,82.1,4,46,34,73.44,6.96,7.65,6.71,5.68,7.55,98.08,10.88,Medium
EMP03352,50,1,80.45,7,49,52,91.65,5.68,7.96,7.81,8.48,6.69,73.03,11.9,Low
EMP03353,43,29,83.43,1,25,26,81.02,6.36,7.39,7.63,8.88,8.87,84.64,6.51,Medium
EMP03354,30,16,91.3,8,44,56,83.03,5.22,5.3,9.29,9.92,6.14,68.0,2.93,Medium
EMP03355,58,5,94.07,9,47,36,82.42,5.44,7.95,9.31,8.74,9.82,59.71,1.56,Medium
EMP03356,31,26,84.05,0,41,51,75.95,6.02,5.69,9.95,9.76,7.0,65.18,2.75,Medium
EMP03357,57,3,93.37,7,23,64,99.22,7.81,7.78,6.21,9.25,8.56,63.98,9.21,Medium
EMP03358,58,23,83.65,4,34,53,61.49,9.96,8.88,5.17,9.38,8.21,92.38,7.54,Medium
EMP03359,49,10,92.27,1,45,45,68.63,9.22,5.03,7.12,9.58,8.71,50.74,9.24,Medium
EMP03360,49,19,88.24,7,37,27,71.39,5.43,7.15,9.48,7.66,7.76,94.68,11.49,Medium
EMP03361,42,5,93.08,4,28,15,95.25,9.21,8.73,8.0,8.56,6.92,69.64,8.78,Medium
EMP03362,45,7,99.9,9,71,52,96.75,7.68,7.64,6.87,5.62,5.9,80.84,9.55,Medium
EMP03363,23,14,98.76,9,23,67,93.84,8.3,6.18,8.86,6.78,7.6,90.28,5.7,Medium
EMP03364,29,3,80.09,2,67,67,76.68,5.65,8.49,8.56,9.4,5.3,73.05,6.62,Low
EMP03365,48,13,97.71,6,69,54,96.58,6.98,8.92,8.57,9.89,5.29,54.63,10.06,Medium
EMP03366,43,13,81.33,3,24,23,63.94,9.42,6.81,7.57,5.56,8.07,77.08,8.03,Low
EMP03367,58,10,99.06,9,64,53,86.1,7.13,6.49,7.65,7.93,7.4,56.08,6.89,Low
EMP03368,48,2,85.64,5,25,24,97.49,5.64,7.73,7.78,8.67,7.53,91.23,3.43,Medium
EMP03369,50,6,87.64,9,77,43,90.2,6.56,6.83,7.76,7.58,6.59,82.39,7.63,Medium
EMP03370,24,8,81.83,7,73,54,71.11,6.11,9.18,6.03,6.16,8.95,79.61,4.2,Low
EMP03371,34,4,82.25,0,70,44,88.7,8.43,8.9,6.23,5.21,6.01,50.02,7.49,Low
EMP03372,31,25,94.53,1,31,16,71.79,9.56,6.56,6.87,9.76,7.93,98.0,6.1,Medium
EMP03373,57,12,98.89,7,50,32,64.46,8.67,7.28,9.28,6.18,9.3,56.52,2.12,Low
EMP03374,30,28,92.21,6,66,42,88.69,9.22,9.45,7.31,6.5,9.17,59.17,10.43,Medium
EMP03375,48,15,94.32,9,28,61,67.17,9.03,5.74,9.63,8.21,5.14,99.31,7.39,Medium
EMP03376,55,8,95.24,8,26,46,64.44,5.07,8.77,8.97,7.14,6.39,54.48,10.93,Low
EMP03377,22,7,85.26,1,48,38,82.07,5.62,6.58,9.31,7.12,8.57,87.08,11.2,Medium
EMP03378,53,14,80.9,7,33,52,84.83,7.12,5.6,5.67,5.41,8.7,54.75,6.69,Low
EMP03379,46,23,80.04,5,70,70,62.04,5.56,5.58,5.74,9.96,7.41,86.64,8.46,Medium
EMP03380,50,19,87.01,0,39,28,60.18,8.67,6.38,6.18,6.42,6.01,94.47,10.85,Low
EMP03381,28,14,84.83,3,67,39,95.28,5.35,7.74,8.31,5.55,6.4,67.48,8.48,Low
EMP03382,24,22,81.25,1,74,39,64.61,7.08,9.54,7.38,8.41,9.0,65.62,3.68,Medium
EMP03383,41,13,83.59,6,51,46,83.36,6.96,6.51,5.85,8.76,5.96,96.65,3.84,Medium
EMP03384,41,29,82.49,8,78,41,98.14,7.72,6.0,8.73,5.13,9.71,53.73,5.61,Low
EMP03385,51,21,98.3,5,75,68,80.48,8.15,7.39,7.59,6.35,7.5,67.38,1.41,Medium
EMP03386,56,1,82.81,3,41,46,65.59,9.73,5.78,8.65,5.97,6.42,82.65,5.08,Low
EMP03387,56,27,90.75,4,55,70,75.74,6.36,6.36,9.55,8.94,6.95,84.37,2.58,Medium
EMP03388,48,19,91.86,0,63,45,84.96,8.33,9.93,9.57,5.92,6.28,72.65,10.1,Low
EMP03389,47,29,90.87,3,37,64,90.51,5.18,7.79,6.51,6.18,6.92,92.68,9.6,Medium
EMP03390,35,28,81.98,9,77,38,84.28,5.01,8.92,5.79,9.93,5.65,92.45,2.93,Medium
EMP03391,38,1,86.38,2,59,49,61.37,5.13,6.06,7.17,8.51,9.12,90.85,4.13,Medium
EMP03392,39,4,81.03,8,68,44,65.72,7.24,7.6,5.42,6.94,9.82,58.54,7.27,Low
EMP03393,50,10,87.91,5,44,47,74.87,7.78,7.55,5.22,8.77,8.3,82.33,3.74,Medium
EMP03394,41,3,83.77,3,50,69,88.23,5.03,9.06,9.89,7.33,9.04,92.55,1.61,Medium
EMP03395,48,27,91.23,2,75,47,83.37,6.98,5.11,9.86,6.06,6.14,54.71,9.42,Low
EMP03396,39,20,93.86,3,54,60,61.79,5.2,9.3,6.76,7.44,5.31,62.23,2.0,Low
EMP03397,25,9,90.64,7,45,41,91.88,8.27,5.4,9.1,8.86,8.14,98.9,8.46,Medium
EMP03398,22,3,88.68,4,23,47,84.2,8.16,9.58,6.12,5.89,9.09,73.09,2.65,Medium
EMP03399,22,28,87.75,0,61,47,95.49,8.92,5.71,7.09,7.43,9.17,76.51,1.08,Medium
EMP03400,47,6,96.83,4,67,18,76.71,7.73,7.66,8.63,5.6,7.66,67.51,7.19,Low
EMP03401,41,6,84.39,7,39,44,79.61,8.11,5.5,7.75,9.21,8.11,69.61,4.13,Medium
EMP03402,44,23,94.68,3,53,58,76.22,6.4,7.24,9.11,9.09,6.84,94.73,2.43,Medium
EMP03403,31,25,95.15,1,31,29,88.9,5.43,6.5,9.9,8.37,9.15,60.46,8.53,Medium
EMP03404,32,12,88.38,2,35,43,90.09,8.69,7.1,5.05,9.6,8.49,63.96,8.09,Medium
EMP03405,26,23,85.95,8,78,42,88.93,8.06,7.73,9.62,7.0,5.93,75.03,5.53,Medium
EMP03406,22,1,89.41,6,61,46,71.66,9.69,7.3,7.07,5.66,6.4,65.53,1.97,Low
EMP03407,38,16,81.86,2,24,50,85.44,9.95,5.12,7.04,9.88,5.76,94.63,6.12,Medium
EMP03408,43,24,80.92,4,63,44,73.54,9.24,9.32,5.0,7.57,7.53,81.65,2.15,Medium
EMP03409,55,5,82.23,2,54,56,93.37,9.93,5.47,9.17,7.38,6.01,75.19,11.94,Medium
EMP03410,50,9,83.74,9,63,57,62.2,8.24,9.9,8.79,5.32,5.79,80.2,3.58,Low
EMP03411,25,10,90.08,3,46,52,61.51,5.46,9.26,9.47,7.85,5.8,50.99,1.03,Low
EMP03412,26,13,96.98,7,20,74,64.07,5.45,7.81,5.84,8.22,6.33,87.09,3.42,Medium
EMP03413,32,15,84.71,2,53,56,68.09,9.04,6.23,6.08,7.37,9.05,66.77,7.82,Medium
EMP03414,42,12,98.7,2,62,26,61.51,6.18,5.43,6.52,9.55,9.69,80.41,11.74,Medium
EMP03415,56,5,99.1,7,51,17,62.86,5.3,8.36,7.65,8.71,9.98,91.61,6.78,Medium
EMP03416,33,5,99.18,9,63,29,72.24,7.36,6.01,6.73,5.19,5.2,67.27,5.9,Low
EMP03417,47,28,96.75,9,58,62,63.99,6.57,8.67,6.5,7.71,7.84,51.85,11.91,Low
EMP03418,40,28,87.28,6,52,24,92.08,7.94,9.16,5.91,9.97,6.33,50.05,2.81,Medium
EMP03419,28,18,81.45,6,50,36,62.15,8.0,9.94,5.8,6.0,9.94,92.99,3.18,Medium
EMP03420,28,12,91.38,9,79,37,96.32,8.41,7.52,7.36,8.09,9.92,77.33,5.19,Medium
EMP03421,47,27,91.17,1,32,25,94.83,7.88,9.87,7.23,6.37,9.67,82.52,9.22,Medium
EMP03422,26,3,97.0,6,64,30,68.34,6.9,5.75,8.93,6.86,5.07,79.84,4.33,Low
EMP03423,42,26,99.92,9,21,63,62.86,5.12,9.18,9.12,5.17,5.77,58.45,6.17,Low
EMP03424,35,25,90.16,9,49,60,64.22,9.53,6.8,8.5,8.44,7.76,51.91,11.33,Low
EMP03425,25,7,86.9,2,29,30,82.36,6.63,6.82,9.16,8.83,5.94,62.16,10.6,Low
EMP03426,44,17,83.72,6,42,28,84.04,7.54,6.34,5.54,8.86,9.27,99.54,11.42,Medium
EMP03427,41,19,80.1,3,52,20,72.62,7.78,5.87,7.29,9.85,8.5,70.89,2.83,Medium
EMP03428,36,28,90.18,7,58,56,71.87,6.57,7.21,6.43,9.19,5.92,96.25,6.3,Medium
EMP03429,50,18,91.11,7,64,31,81.26,6.54,9.94,6.26,6.04,9.09,63.01,8.84,Low
EMP03430,29,1,96.5,5,75,69,72.23,6.3,6.65,8.56,6.15,7.49,85.77,9.06,Low
EMP03431,40,25,90.09,2,78,45,97.37,6.22,7.31,9.16,8.84,8.55,51.3,7.05,Medium
EMP03432,49,24,98.33,5,48,56,75.31,5.15,6.14,5.57,8.88,5.7,50.66,10.03,Low
EMP03433,48,5,92.56,5,49,67,68.79,9.79,6.69,5.62,5.62,7.59,73.29,1.47,Low
EMP03434,25,27,96.81,2,53,24,65.84,7.98,5.28,8.2,5.03,8.88,82.45,3.17,Medium
EMP03435,36,28,82.97,3,71,60,85.27,5.54,9.78,5.72,7.01,6.73,98.11,4.61,Medium
EMP03436,56,2,97.11,1,58,34,73.07,7.96,7.55,8.84,8.47,5.93,51.49,9.02,Low
EMP03437,58,1,93.5,0,36,63,67.55,6.16,8.66,9.14,9.33,8.2,99.39,10.92,Medium
EMP03438,22,7,83.4,1,41,23,71.03,6.55,7.57,7.61,5.83,8.22,73.59,6.82,Low
EMP03439,24,29,83.8,6,24,29,72.32,9.01,8.85,9.54,9.08,6.02,88.32,8.79,Medium
EMP03440,45,11,98.53,9,30,53,85.03,9.43,7.67,5.1,8.42,5.35,82.31,7.54,Medium
EMP03441,48,11,80.64,4,41,16,66.99,8.5,8.51,6.13,5.83,5.83,62.39,11.17,Low
EMP03442,57,18,89.25,8,51,18,89.31,9.66,8.42,8.86,9.37,6.38,66.63,10.9,Medium
EMP03443,55,17,86.27,2,43,66,72.2,9.53,7.67,9.79,9.66,5.18,79.56,9.89,Medium
EMP03444,50,2,93.3,1,30,38,79.53,7.76,6.15,9.8,6.33,9.61,54.82,4.08,Low
EMP03445,45,7,96.79,3,30,32,86.19,9.54,6.06,5.0,5.74,6.15,88.74,5.1,Medium
EMP03446,45,7,87.21,1,36,25,81.74,7.72,9.37,8.16,9.84,8.69,89.98,5.58,Medium
EMP03447,25,10,88.54,6,51,51,86.49,5.52,5.6,5.14,5.11,7.07,91.03,1.05,Medium
EMP03448,24,22,99.64,9,38,40,72.9,9.15,7.8,8.5,9.74,7.51,92.43,3.54,Medium
EMP03449,55,21,95.68,5,46,22,98.54,5.66,7.51,8.84,6.08,7.68,84.45,8.85,Medium
EMP03450,44,3,97.94,7,51,36,78.36,6.58,8.99,9.29,7.19,8.86,87.2,6.99,Medium
EMP03451,44,12,88.78,4,44,66,72.88,6.9,5.68,7.65,6.54,8.94,79.43,11.54,Medium
EMP03452,26,3,84.68,1,47,19,71.86,9.04,8.44,9.25,5.77,5.71,61.33,1.32,Low
EMP03453,52,11,88.24,3,59,16,61.71,5.42,8.03,9.62,6.76,6.52,54.15,5.16,Low
EMP03454,27,29,94.32,0,71,19,87.39,7.22,8.51,7.67,7.7,7.87,58.93,8.78,Low
EMP03455,58,12,82.19,1,46,49,70.5,7.18,8.11,7.62,5.47,6.65,59.66,2.47,Low
EMP03456,31,25,85.41,3,33,46,98.36,7.91,7.81,7.53,9.05,5.66,87.89,6.5,Medium
EMP03457,28,4,80.93,5,61,58,68.42,6.77,9.63,7.52,9.0,7.04,97.39,1.17,Medium
EMP03458,59,25,88.65,3,76,33,81.18,7.89,6.74,8.87,8.99,6.09,90.72,2.98,Medium
EMP03459,42,16,96.55,3,58,53,89.42,9.93,5.92,5.34,8.43,5.72,99.61,11.32,Medium
EMP03460,41,20,80.49,9,21,65,94.8,5.36,8.98,7.26,7.28,6.52,52.18,7.59,Low
EMP03461,24,18,93.51,9,36,18,66.26,9.37,5.65,7.62,9.17,6.5,51.6,9.35,Low
EMP03462,43,4,98.65,1,20,37,99.42,6.54,8.4,6.07,9.26,5.49,84.18,2.12,Medium
EMP03463,25,22,84.74,8,64,60,96.27,7.33,7.75,7.71,6.43,7.92,51.28,3.58,Low
EMP03464,49,6,93.87,9,51,33,98.51,8.71,5.01,7.28,7.4,6.57,94.54,3.11,Medium
EMP03465,33,21,99.5,7,38,40,94.11,9.55,6.2,8.69,6.01,5.87,73.61,4.02,Medium
EMP03466,59,15,99.25,7,33,72,95.11,5.05,7.48,6.77,6.28,9.09,96.22,3.84,Medium
EMP03467,57,1,84.7,4,50,64,83.95,8.31,6.65,9.75,6.19,5.01,62.49,7.2,Low
EMP03468,26,3,82.01,2,77,40,93.81,5.35,7.13,7.07,9.13,7.27,82.12,8.76,Medium
EMP03469,34,5,82.97,5,37,21,81.36,7.63,8.01,8.15,6.25,7.17,84.95,7.03,Medium
EMP03470,44,22,94.04,8,71,46,81.53,8.75,8.65,6.11,7.73,8.36,64.36,4.29,Medium
EMP03471,51,17,94.52,7,33,61,82.5,5.85,5.76,8.44,8.14,6.95,68.36,8.64,Low
EMP03472,58,14,93.48,6,66,67,99.85,8.82,6.41,7.57,8.72,7.56,77.57,7.07,Medium
EMP03473,46,9,86.72,7,33,47,64.18,6.55,8.18,6.71,5.15,9.54,69.18,8.02,Low
EMP03474,48,3,83.4,3,43,58,92.22,8.05,7.94,6.74,7.38,5.84,74.58,3.33,Medium
EMP03475,35,26,91.62,5,24,40,70.93,8.29,8.68,6.88,6.46,5.53,72.8,11.56,Low
EMP03476,57,13,89.67,4,35,38,74.45,8.24,8.2,7.19,9.17,8.73,83.3,4.61,Medium
EMP03477,37,3,94.58,1,24,65,63.22,5.09,6.65,6.24,5.18,8.71,54.07,5.07,Low
EMP03478,43,11,88.83,7,73,73,74.06,5.76,7.5,6.39,6.03,9.6,97.83,6.95,Medium
EMP03479,42,2,86.77,2,32,37,99.63,9.28,9.42,9.79,6.58,9.92,55.14,1.55,Medium
EMP03480,42,24,85.87,4,79,52,75.88,9.7,5.93,6.51,5.39,6.92,66.91,3.1,Low
EMP03481,29,15,84.23,7,35,40,86.79,7.82,6.88,8.13,6.98,6.89,50.44,9.94,Low
EMP03482,37,13,85.31,8,34,74,64.83,7.98,9.21,6.73,8.72,9.52,90.8,9.73,Medium
EMP03483,52,19,81.9,8,50,59,96.9,8.78,6.82,9.05,6.06,9.3,55.63,2.56,Medium
EMP03484,31,22,86.94,4,24,45,93.11,7.03,7.06,8.48,8.77,6.88,63.92,7.49,Medium
EMP03485,53,16,80.73,1,40,20,75.45,6.64,6.6,6.64,7.65,5.38,72.59,1.73,Low
EMP03486,55,18,83.73,6,49,59,73.94,8.84,9.5,8.58,6.72,7.91,92.2,1.82,Medium
EMP03487,30,7,94.94,6,42,45,77.29,5.14,8.32,8.78,6.84,6.34,88.36,9.8,Low
EMP03488,38,13,86.51,7,57,61,76.05,9.43,6.04,5.69,5.58,9.54,57.5,6.18,Low
EMP03489,32,4,93.36,7,48,62,70.32,7.2,8.75,7.89,6.25,9.03,72.33,11.19,Low
EMP03490,53,9,94.34,4,32,54,99.63,7.52,5.19,9.04,8.66,9.5,66.64,6.26,Medium
EMP03491,31,10,91.62,0,51,59,92.42,8.17,6.98,5.25,9.31,5.4,97.42,9.88,Medium
EMP03492,43,9,99.17,3,67,59,70.72,6.37,9.55,7.54,6.33,9.32,92.79,8.03,Medium
EMP03493,38,7,80.43,3,61,74,99.27,7.99,8.45,9.2,7.94,7.97,57.52,5.74,Medium
EMP03494,25,15,94.77,2,46,66,60.62,8.47,8.97,9.76,5.17,6.08,71.48,7.1,Low
EMP03495,46,28,99.18,7,53,66,77.52,5.59,9.66,8.28,5.39,6.51,72.23,11.28,Low
EMP03496,42,8,97.25,2,64,26,82.78,7.6,8.87,6.64,9.82,7.28,98.05,1.83,Medium
EMP03497,58,19,83.36,4,68,65,61.5,6.65,5.44,8.02,9.48,8.14,89.76,6.82,Medium
EMP03498,59,11,86.54,1,52,31,66.44,7.79,6.15,5.14,5.41,6.16,90.45,1.57,Low
EMP03499,22,5,83.45,5,23,40,70.33,5.11,7.5,7.28,9.11,6.04,68.41,7.11,Low
EMP03500,46,2,92.03,5,37,17,88.81,8.71,5.07,8.64,5.51,9.46,84.78,7.68,Medium
EMP03501,57,10,94.24,7,25,29,97.59,5.84,8.12,5.18,9.14,9.23,66.01,9.88,Medium
EMP03502,38,16,86.34,7,47,63,84.98,8.45,8.29,8.02,9.57,8.83,91.23,9.78,Medium
EMP03503,45,23,90.79,0,63,52,82.51,8.84,8.48,7.94,5.77,8.8,98.0,1.11,Medium
EMP03504,23,13,93.82,4,76,38,81.47,8.76,7.78,5.95,5.74,8.83,80.51,1.78,Medium
EMP03505,36,8,88.43,1,77,65,74.03,9.09,7.26,7.85,9.63,9.62,76.44,8.53,Medium
EMP03506,53,9,97.08,9,46,44,93.11,6.54,9.28,7.05,6.51,9.22,93.62,3.01,Medium
EMP03507,27,11,95.43,4,45,58,81.63,9.84,8.84,7.39,7.36,6.94,95.25,6.81,Medium
EMP03508,22,11,81.29,9,75,50,69.2,5.12,8.06,6.63,6.52,7.36,54.51,3.55,Low
EMP03509,44,23,92.42,8,39,67,65.47,7.41,5.23,9.05,8.75,8.02,84.87,10.18,Medium
EMP03510,38,26,84.71,3,32,69,99.42,6.35,8.47,6.83,6.06,7.38,81.42,8.49,Medium
EMP03511,55,16,91.15,7,47,58,60.7,8.7,7.79,8.95,7.47,6.48,60.51,5.79,Low
EMP03512,50,10,99.14,0,53,41,97.34,9.03,8.47,5.38,9.25,9.31,56.24,3.47,Medium
EMP03513,30,29,97.58,7,68,36,68.73,9.11,6.56,6.39,9.71,9.02,64.26,8.25,Medium
EMP03514,34,24,88.09,5,42,16,86.3,6.48,8.88,7.01,6.76,6.95,58.45,4.86,Low
EMP03515,27,12,85.83,7,29,21,72.06,6.37,7.09,7.02,5.57,5.57,62.13,7.48,Low
EMP03516,27,25,84.69,5,70,30,94.39,8.38,9.47,7.21,9.05,5.02,95.88,8.35,Medium
EMP03517,41,6,90.65,2,49,38,81.74,9.64,5.52,8.26,5.55,5.46,95.81,2.51,Medium
EMP03518,24,28,82.28,7,41,44,65.64,6.27,7.42,7.87,8.9,5.77,62.68,1.54,Low
EMP03519,38,12,90.99,4,24,58,70.79,9.55,6.03,7.61,8.44,8.29,60.11,6.43,Medium
EMP03520,33,10,80.03,9,72,62,72.81,7.96,7.27,9.19,7.89,6.1,72.73,2.74,Low
EMP03521,22,18,86.48,4,63,60,95.44,8.69,6.77,5.98,9.7,8.17,83.2,1.99,Medium
EMP03522,38,18,84.4,6,69,15,90.67,7.2,9.02,9.3,6.61,6.64,56.9,1.98,Low
EMP03523,24,4,99.42,5,28,68,93.18,9.03,5.84,9.06,5.47,9.48,90.87,8.72,Medium
EMP03524,47,9,94.54,8,62,41,62.09,9.85,7.99,5.98,9.91,7.35,53.68,10.96,Medium
EMP03525,36,7,86.99,6,23,23,83.15,5.85,7.03,8.12,7.21,8.36,55.67,11.25,Low
EMP03526,57,18,81.86,2,61,21,99.97,6.93,7.59,6.12,7.17,7.3,81.82,11.3,Medium
EMP03527,53,8,90.34,4,20,19,91.41,9.31,8.57,9.71,5.45,9.56,60.21,8.38,Medium
EMP03528,53,11,84.27,8,53,44,64.83,5.88,6.79,7.46,8.72,8.44,61.45,11.18,Low
EMP03529,25,7,90.73,9,60,56,87.15,7.06,6.84,6.02,8.6,8.21,93.82,2.45,Medium
EMP03530,39,9,96.71,1,74,41,89.81,5.83,5.38,8.18,5.73,7.96,68.21,7.62,Low
EMP03531,40,8,92.32,0,45,24,80.57,8.24,7.76,8.54,6.17,9.94,96.06,9.36,Medium
EMP03532,56,3,92.68,7,37,39,63.15,6.19,7.08,8.02,5.08,8.42,55.43,11.37,Low
EMP03533,35,17,90.82,7,35,32,61.39,6.9,9.06,6.21,9.45,8.77,96.58,4.61,Medium
EMP03534,54,2,98.55,1,42,21,97.51,7.46,7.2,8.68,6.22,5.41,95.74,7.43,Medium
EMP03535,35,15,98.64,7,65,71,70.3,6.49,9.85,9.65,9.64,9.07,76.99,5.44,Medium
EMP03536,55,14,90.25,4,55,45,75.16,8.4,5.86,9.76,7.86,7.98,87.92,6.92,Medium
EMP03537,25,29,86.12,1,45,46,91.81,5.56,6.34,8.4,7.13,6.68,71.86,6.54,Low
EMP03538,45,18,89.19,6,21,64,87.57,9.4,6.96,9.2,5.04,7.91,88.28,10.35,Medium
EMP03539,50,16,83.73,6,63,59,98.74,7.41,5.85,9.89,5.46,8.13,62.15,10.06,Low
EMP03540,40,20,92.73,2,71,25,63.71,7.86,9.86,5.22,5.79,6.3,95.16,5.34,Medium
EMP03541,27,22,90.0,0,24,24,88.28,8.11,8.2,7.38,5.53,7.19,89.42,4.09,Medium
EMP03542,54,4,82.07,3,48,36,63.29,5.3,5.06,6.46,6.28,8.61,86.63,10.36,Low
EMP03543,40,25,83.95,1,23,45,60.01,8.78,7.89,7.37,5.77,6.13,90.24,11.5,Low
EMP03544,22,20,89.59,3,66,55,64.81,9.73,8.91,9.58,8.32,9.18,67.24,1.2,Medium
EMP03545,26,6,97.75,7,54,61,84.67,7.6,5.26,9.92,6.49,5.39,59.5,6.51,Low
EMP03546,48,6,91.33,1,41,28,87.05,6.95,7.89,9.52,8.59,7.91,67.74,9.49,Medium
EMP03547,37,26,93.63,0,68,17,77.53,8.92,6.87,5.99,5.68,6.9,51.94,11.85,Low
EMP03548,27,11,86.78,2,27,38,61.84,8.6,7.91,9.01,6.05,5.27,63.51,6.84,Low
EMP03549,34,26,91.43,9,63,28,85.36,8.25,6.26,9.09,8.94,8.87,80.37,8.91,Medium
EMP03550,56,17,88.95,6,40,67,63.43,9.83,8.33,7.9,8.17,7.73,92.33,11.27,Medium
EMP03551,40,24,93.18,5,27,30,65.67,7.91,8.36,8.57,5.48,8.58,96.52,5.13,Medium
EMP03552,33,28,81.01,5,77,69,80.5,6.24,7.7,9.53,9.8,6.9,86.11,10.73,Medium
EMP03553,37,3,89.87,6,71,42,73.61,5.12,9.62,9.97,8.81,9.3,94.59,3.93,Medium
EMP03554,31,13,85.92,7,71,49,78.59,7.27,9.55,5.2,7.76,5.42,64.57,8.98,Low
EMP03555,46,22,86.52,2,24,54,85.4,8.26,5.24,6.29,6.71,6.17,83.89,11.52,Medium
EMP03556,41,3,99.22,2,40,16,66.4,5.86,6.45,9.67,5.47,8.97,98.84,8.13,Medium
EMP03557,52,16,83.65,9,46,70,95.72,5.13,6.82,6.65,6.79,9.77,80.54,5.14,Medium
EMP03558,25,15,86.22,7,57,48,82.38,9.55,5.28,5.53,6.62,9.23,71.39,1.86,Medium
EMP03559,44,11,90.2,6,24,69,60.88,6.51,7.62,6.57,5.39,6.15,63.13,3.21,Low
EMP03560,23,18,97.26,9,40,32,85.14,7.33,5.12,7.59,8.92,6.74,65.74,9.02,Medium
EMP03561,43,15,88.33,4,27,21,78.53,5.46,8.39,6.93,7.08,8.83,60.12,11.89,Low
EMP03562,58,5,94.88,3,41,63,88.07,6.91,5.01,8.94,9.45,9.73,85.14,10.35,Medium
EMP03563,29,16,97.13,5,37,52,91.36,7.12,5.16,8.06,5.79,6.45,86.2,9.71,Medium
EMP03564,28,16,86.2,8,23,56,97.55,9.51,9.17,7.17,6.59,6.93,88.98,1.21,Medium
EMP03565,35,17,87.86,5,23,21,99.93,9.33,6.26,9.99,6.4,5.11,73.37,9.07,Low
EMP03566,24,9,87.13,7,56,18,81.98,5.95,5.41,9.43,9.33,7.52,56.91,10.1,Low
EMP03567,37,27,96.66,0,34,57,82.46,7.78,7.0,9.31,7.54,5.44,71.1,4.57,Low
EMP03568,40,23,80.89,5,57,30,60.9,8.66,5.25,7.84,5.71,5.43,87.43,12.0,Low
EMP03569,39,3,86.17,1,46,73,94.61,6.46,8.75,8.9,6.79,8.81,92.79,1.39,Medium
EMP03570,37,20,93.59,2,40,63,61.15,6.97,7.47,6.68,9.72,6.72,54.06,5.3,Low
EMP03571,29,13,91.31,5,67,74,85.31,9.92,7.76,6.65,7.76,9.68,62.19,3.34,Medium
EMP03572,54,22,88.73,1,65,20,63.94,8.8,8.77,9.46,5.18,8.58,98.1,11.7,Medium
EMP03573,33,3,90.8,3,65,34,71.43,7.19,8.92,7.98,5.29,6.47,71.6,8.39,Low
EMP03574,32,28,83.95,5,67,45,65.61,7.67,5.68,6.72,6.18,8.41,53.53,5.58,Low
EMP03575,26,7,88.61,4,78,33,65.5,8.13,6.4,9.23,8.11,9.33,60.19,11.7,Low
EMP03576,48,29,90.03,5,73,66,62.98,7.49,5.88,7.21,6.23,7.18,91.38,1.68,Medium
EMP03577,33,6,98.02,5,75,36,72.72,7.06,5.27,7.0,9.25,7.81,87.97,3.41,Medium
EMP03578,38,9,85.22,7,23,35,76.95,6.8,7.69,5.13,8.15,6.09,60.87,5.65,Low
EMP03579,27,12,97.36,8,30,32,78.58,5.84,6.25,8.4,6.5,7.01,55.08,2.37,Low
EMP03580,54,15,92.88,4,38,46,77.59,9.87,5.77,7.66,6.97,7.9,53.97,11.97,Low
EMP03581,26,21,80.41,5,76,61,80.95,5.46,7.55,6.56,6.88,8.08,74.98,7.31,Low
EMP03582,49,20,94.49,5,38,48,94.39,8.01,8.17,5.7,6.57,8.6,84.78,2.78,Medium
EMP03583,35,3,80.71,5,46,65,85.27,9.8,8.86,5.91,8.15,9.79,66.19,3.73,Medium
EMP03584,26,10,99.95,1,59,41,60.69,6.87,5.09,6.12,6.01,9.19,54.31,5.36,Low
EMP03585,54,1,97.45,3,61,52,66.92,6.26,7.63,9.33,6.46,9.26,74.6,8.99,Low
EMP03586,40,19,85.95,0,47,58,73.96,9.78,6.34,7.4,5.43,7.79,60.95,4.35,Low
EMP03587,43,19,85.15,0,24,44,97.96,9.01,9.96,8.48,6.88,5.72,59.05,4.28,Low
EMP03588,26,23,87.63,0,67,47,63.12,8.28,5.78,7.31,5.32,8.18,88.73,7.88,Low
EMP03589,23,23,87.12,6,44,41,88.4,8.06,7.19,7.37,5.09,7.03,80.22,1.5,Medium
EMP03590,51,13,87.45,0,22,69,61.32,6.8,9.85,9.11,8.23,5.16,65.75,8.83,Low
EMP03591,25,12,86.37,5,45,70,74.5,8.21,6.07,8.86,5.81,5.97,73.03,7.02,Low
EMP03592,54,1,92.42,1,29,37,90.81,8.63,9.03,6.16,5.18,8.8,61.2,5.77,Low
EMP03593,34,19,83.29,5,43,57,73.76,5.16,6.22,8.13,5.34,8.16,78.08,5.32,Low
EMP03594,41,29,96.92,5,48,33,77.21,5.59,5.38,8.4,6.0,9.89,87.85,3.43,Medium
EMP03595,28,24,96.25,2,64,68,96.21,6.58,5.21,7.02,8.6,9.62,71.42,3.64,Medium
EMP03596,36,16,89.53,7,26,45,62.65,6.62,9.74,5.34,5.06,7.97,69.19,6.5,Low
EMP03597,44,25,97.05,3,63,18,81.11,9.5,6.06,6.86,8.63,5.77,62.59,3.18,Medium
EMP03598,35,23,84.94,6,42,67,74.65,8.42,6.46,6.79,7.99,6.68,66.17,7.24,Low
EMP03599,44,23,80.35,3,65,33,98.55,6.87,9.83,8.45,7.57,6.17,68.0,8.15,Low
EMP03600,40,28,92.38,0,46,67,91.75,9.05,8.29,9.05,9.55,7.35,65.64,6.04,Medium
EMP03601,50,15,89.16,5,61,52,64.88,6.62,7.44,6.98,9.15,9.0,54.52,2.18,Medium
EMP03602,41,16,91.34,4,28,54,97.1,9.95,7.18,8.23,7.09,9.11,57.39,11.31,Medium
EMP03603,50,11,97.99,8,63,74,68.45,8.91,5.24,8.21,5.03,5.89,99.81,10.17,Medium
EMP03604,45,24,99.4,8,75,36,63.39,9.04,9.19,8.24,8.55,7.75,68.15,11.49,Medium
EMP03605,39,6,92.69,7,22,23,81.66,6.3,8.81,7.77,5.24,8.38,90.27,5.05,Medium
EMP03606,31,11,95.28,6,32,45,89.47,5.73,5.45,8.15,6.39,6.98,85.86,1.35,Medium
EMP03607,29,3,81.68,1,25,24,88.64,6.95,6.77,9.34,7.47,9.53,78.21,5.8,Medium
EMP03608,47,15,83.21,7,78,24,81.36,6.67,9.43,9.61,5.5,6.8,72.49,6.12,Low
EMP03609,50,1,94.66,2,57,44,79.71,8.85,6.18,5.46,8.4,7.45,83.26,8.77,Medium
EMP03610,31,7,88.63,5,40,24,98.78,5.87,8.06,5.06,6.61,7.93,79.21,9.08,Medium
EMP03611,38,1,88.92,9,38,72,92.82,7.64,7.44,7.59,6.81,7.14,86.7,5.67,Medium
EMP03612,23,17,86.17,6,44,50,87.95,8.14,9.09,7.06,8.24,9.82,99.69,11.75,Medium
EMP03613,27,9,92.15,5,58,32,67.81,6.93,5.18,7.26,6.99,8.8,65.75,2.23,Low
EMP03614,26,29,83.7,4,23,58,92.79,6.0,9.08,7.29,6.12,9.15,66.7,10.93,Low
EMP03615,49,26,92.54,3,41,71,89.99,9.48,5.68,9.48,5.88,8.76,84.46,9.47,Medium
EMP03616,26,23,83.48,1,24,57,99.68,5.69,5.08,8.18,8.62,7.94,92.23,6.86,Medium
EMP03617,39,13,81.28,8,20,62,65.32,6.52,7.98,7.21,8.75,5.14,59.5,9.39,Low
EMP03618,47,11,86.61,6,69,33,88.61,8.78,6.29,7.27,5.98,8.82,92.73,9.3,Medium
EMP03619,41,29,84.62,6,36,57,99.16,8.03,8.55,9.22,6.6,8.06,94.82,2.83,Medium
EMP03620,48,20,97.78,3,28,37,78.5,8.65,7.35,6.09,9.78,5.4,69.74,6.86,Medium
EMP03621,33,6,81.1,4,28,18,89.34,9.04,8.03,5.07,9.92,5.59,63.33,6.18,Medium
EMP03622,28,1,83.53,5,72,26,99.01,9.48,8.45,7.39,7.93,7.41,70.03,6.44,Medium
EMP03623,24,7,90.97,1,43,74,81.9,6.52,9.63,9.8,8.78,9.26,59.33,2.85,Medium
EMP03624,31,12,89.62,3,29,63,87.96,7.37,9.12,9.07,8.74,7.77,52.96,5.23,Medium
EMP03625,55,22,80.92,3,39,38,60.8,8.44,7.48,7.04,6.98,9.6,89.86,6.71,Medium
EMP03626,46,20,80.15,3,36,27,80.79,8.97,7.19,5.88,5.24,9.08,78.49,8.53,Medium
EMP03627,56,23,99.76,6,32,74,70.23,7.89,8.27,7.85,8.7,8.15,74.71,5.65,Medium
EMP03628,37,19,93.18,6,48,18,65.25,7.57,8.67,9.4,5.68,6.57,60.7,8.12,Low
EMP03629,23,17,87.31,6,55,41,88.34,8.46,5.86,8.59,6.45,9.26,77.62,7.79,Medium
EMP03630,45,4,89.41,6,42,52,61.56,6.91,5.16,7.7,6.58,8.3,70.08,9.94,Low
EMP03631,31,3,85.33,1,46,53,96.19,9.47,7.27,8.67,6.75,7.76,75.31,5.56,Medium
EMP03632,59,1,86.9,4,37,22,80.71,6.06,5.5,9.82,7.33,7.5,54.54,10.6,Low
EMP03633,43,18,92.98,9,37,40,85.93,9.42,6.36,7.76,7.51,6.06,96.14,1.29,Medium
EMP03634,47,27,97.66,1,73,48,70.14,8.22,7.92,7.78,7.42,5.08,88.21,10.91,Medium
EMP03635,48,21,83.68,4,28,23,67.29,8.0,5.76,7.39,5.81,8.58,87.06,11.46,Low
EMP03636,50,15,96.81,5,22,24,69.75,7.35,5.14,7.83,8.24,9.6,79.09,5.54,Medium
EMP03637,59,8,82.43,2,26,65,69.29,5.77,7.77,8.18,8.95,5.92,61.38,11.44,Low
EMP03638,41,1,84.3,5,77,15,94.58,9.32,7.33,6.02,7.31,9.67,55.18,10.51,Medium
EMP03639,48,20,80.74,4,34,62,91.49,5.26,6.53,7.84,9.19,5.36,68.07,1.63,Medium
EMP03640,41,14,82.82,3,49,64,94.11,6.35,7.34,5.07,7.22,7.76,70.64,8.17,Medium
EMP03641,40,4,98.35,9,28,22,89.39,5.55,8.42,9.69,7.84,5.58,88.05,11.09,Medium
EMP03642,41,5,89.19,8,78,24,85.74,5.53,5.55,5.19,5.35,9.45,57.41,3.27,Low
EMP03643,56,23,81.55,7,60,68,81.11,6.95,6.28,9.79,5.73,5.52,90.84,11.13,Low
EMP03644,23,13,99.19,6,46,57,70.62,5.8,8.97,9.84,8.84,6.26,72.14,3.28,Medium
EMP03645,51,28,97.58,0,55,63,88.21,7.91,8.35,7.63,6.25,9.03,90.0,7.94,Medium
EMP03646,55,24,95.09,8,37,73,65.46,8.14,6.33,6.66,5.47,8.44,74.74,5.19,Low
EMP03647,43,15,98.67,8,50,39,80.44,9.41,6.99,5.92,7.84,6.94,52.58,7.03,Low
EMP03648,24,6,84.4,5,36,45,67.81,6.5,5.6,5.81,5.47,9.18,80.4,4.1,Low
EMP03649,27,1,96.73,6,73,53,80.19,6.55,6.27,6.19,8.42,8.18,71.36,5.48,Medium
EMP03650,36,23,93.8,2,72,72,71.76,6.23,9.21,7.38,8.45,6.3,72.97,6.54,Low
EMP03651,48,19,97.4,4,25,73,62.14,8.91,7.2,8.71,7.27,8.7,89.13,6.52,Medium
EMP03652,31,13,95.94,6,58,17,80.15,7.14,8.2,6.99,8.43,6.67,61.13,11.94,Low
EMP03653,30,29,86.93,0,44,53,67.27,7.76,5.8,8.91,9.0,9.08,51.28,10.4,Low
EMP03654,54,29,95.49,0,61,52,66.45,6.87,5.92,7.82,5.99,8.91,64.31,2.62,Low
EMP03655,53,6,85.25,4,61,49,75.37,5.78,9.7,5.1,8.25,6.54,57.76,11.57,Low
EMP03656,27,15,86.57,8,78,22,74.47,5.51,9.21,5.66,8.46,5.52,67.19,7.25,Low
EMP03657,57,16,82.16,6,57,15,94.68,9.34,8.95,7.86,5.97,9.1,60.4,7.71,Medium
EMP03658,23,24,98.7,0,57,19,82.59,6.33,6.65,5.81,8.63,6.82,54.85,4.04,Low
EMP03659,50,23,85.82,4,50,70,94.18,9.71,7.81,8.04,8.6,6.63,91.38,4.33,Medium
EMP03660,25,16,90.41,7,70,65,65.87,9.74,7.46,7.23,5.79,5.09,60.47,2.52,Low
EMP03661,22,10,87.83,7,48,41,74.29,7.39,9.78,8.45,6.59,8.63,68.19,10.13,Low
EMP03662,40,22,99.2,1,59,59,82.21,9.79,6.2,6.46,9.71,6.37,50.09,6.32,Medium
EMP03663,47,9,86.7,6,28,40,66.13,5.14,9.74,9.11,5.36,7.18,88.59,2.07,Low
EMP03664,46,9,95.57,9,20,57,65.12,5.46,8.53,6.94,6.14,9.5,73.16,5.89,Low
EMP03665,31,17,97.11,4,35,74,86.46,6.22,7.07,8.98,7.89,5.63,93.23,4.75,Medium
EMP03666,36,17,88.71,8,57,68,86.15,6.05,6.33,5.1,9.84,5.19,52.64,8.59,Low
EMP03667,43,17,87.56,2,42,40,69.37,6.26,8.79,6.97,6.29,7.8,58.19,3.05,Low
EMP03668,42,24,94.95,0,78,25,69.08,7.26,9.11,6.1,9.08,8.5,62.88,11.29,Medium
EMP03669,43,12,98.26,3,27,48,89.82,5.31,6.79,7.22,6.84,7.64,94.41,9.59,Medium
EMP03670,57,13,95.1,6,66,55,64.68,7.78,5.86,9.73,6.76,6.7,67.7,5.31,Low
EMP03671,55,12,84.54,0,31,16,96.93,6.55,7.46,5.79,9.98,6.81,59.34,3.07,Medium
EMP03672,51,14,97.77,1,29,35,97.75,5.36,7.34,5.44,9.09,5.75,90.07,9.44,Medium
EMP03673,46,10,87.75,4,35,65,94.84,8.77,8.63,5.29,6.24,6.56,65.12,2.3,Low
EMP03674,49,23,91.52,8,66,40,68.43,8.27,9.87,5.62,5.93,8.79,67.48,1.96,Low
EMP03675,22,19,96.63,0,62,26,60.67,8.97,7.66,5.31,5.42,7.5,82.73,8.48,Low
EMP03676,25,29,83.77,3,43,23,97.47,9.7,8.66,8.42,7.41,9.45,69.19,3.2,Medium
EMP03677,28,2,95.69,2,58,55,73.76,7.93,6.75,5.59,6.67,5.84,50.82,8.07,Low
EMP03678,30,4,91.92,4,27,37,72.42,8.93,8.0,5.99,6.9,7.21,99.46,4.91,Medium
EMP03679,57,19,97.87,4,30,56,70.47,6.0,5.58,8.23,7.16,8.51,61.93,2.05,Low
EMP03680,40,7,83.44,9,60,19,69.78,7.05,9.07,7.23,9.96,6.36,62.22,7.87,Low
EMP03681,22,26,88.41,1,45,23,89.38,7.65,6.72,5.27,5.01,6.33,56.7,8.11,Low
EMP03682,31,15,96.66,4,26,69,96.32,7.71,5.4,9.85,7.13,5.53,57.9,6.94,Low
EMP03683,57,15,80.38,8,34,64,91.44,8.59,9.95,8.0,5.32,9.46,75.1,4.84,Medium
EMP03684,30,24,82.24,4,34,24,86.96,8.98,9.51,8.07,8.37,5.86,96.99,11.05,Medium
EMP03685,53,6,99.81,9,67,63,71.51,8.33,5.99,9.26,5.25,9.85,84.86,8.48,Medium
EMP03686,53,3,85.61,1,22,72,81.88,5.24,6.82,9.55,8.83,7.24,82.88,7.1,Medium
EMP03687,27,6,99.51,6,35,24,69.48,6.76,9.68,5.29,9.34,9.91,68.07,6.29,Medium
EMP03688,59,16,83.65,5,34,28,64.46,7.86,8.98,5.34,9.85,5.2,90.66,10.27,Medium
EMP03689,38,2,87.22,6,44,50,64.81,7.54,9.53,8.88,5.6,7.84,73.67,11.57,Low
EMP03690,31,28,95.06,7,52,24,84.15,5.22,7.81,8.48,9.89,8.45,72.88,7.13,Medium
EMP03691,48,7,93.16,9,33,70,61.54,9.9,6.22,6.08,7.06,7.58,99.73,1.54,Medium
EMP03692,56,11,91.62,4,43,68,98.93,9.78,6.14,6.61,8.16,7.85,80.45,6.4,Medium
EMP03693,42,26,90.6,1,73,64,99.82,8.87,7.63,8.06,5.0,7.69,93.41,8.1,Medium
EMP03694,46,7,96.87,6,30,51,65.98,5.28,9.62,8.94,6.85,5.75,76.23,9.99,Low
EMP03695,49,4,84.7,6,22,55,77.09,7.15,8.16,8.02,6.76,7.66,58.09,4.42,Low
EMP03696,36,29,88.85,7,28,52,90.72,7.05,5.17,8.96,7.52,7.71,99.36,8.44,Medium
EMP03697,25,24,83.11,6,25,62,98.2,7.79,7.8,6.14,5.66,6.78,82.78,1.51,Medium
EMP03698,50,20,91.92,9,50,36,95.65,5.28,8.04,6.66,8.45,8.04,57.43,4.87,Medium
EMP03699,30,7,85.01,6,74,37,70.19,7.12,7.91,5.51,7.98,7.06,87.0,4.29,Medium
EMP03700,48,4,86.68,8,35,30,63.41,8.79,8.46,9.92,6.06,8.78,71.96,1.94,Low
EMP03701,47,29,89.43,7,30,25,71.55,9.99,6.47,9.04,9.92,5.19,91.12,8.72,Medium
EMP03702,40,12,80.54,1,69,67,77.49,7.98,5.72,8.58,5.03,5.05,63.85,5.05,Low
EMP03703,49,5,81.84,1,36,61,74.4,9.7,8.75,5.97,6.68,7.62,97.12,3.4,Medium
EMP03704,38,23,93.72,6,68,65,90.95,9.99,5.98,8.49,6.31,9.95,64.86,2.62,Medium
EMP03705,41,29,88.58,9,22,49,70.31,7.17,5.57,9.31,7.8,7.23,99.86,10.94,Medium
EMP03706,44,29,97.3,9,78,62,94.35,8.34,6.8,9.05,9.44,5.06,85.01,2.53,Medium
EMP03707,53,26,93.89,2,38,67,69.03,6.07,9.16,8.77,8.29,6.59,98.56,10.52,Medium
EMP03708,54,19,80.16,0,43,34,74.45,7.38,5.41,6.94,5.24,7.34,86.21,6.72,Low
EMP03709,26,26,92.33,8,74,51,77.91,5.39,5.98,8.83,9.32,9.51,87.71,1.34,Medium
EMP03710,55,5,81.87,2,66,55,71.65,5.15,7.38,7.42,6.33,5.61,56.07,11.54,Low
EMP03711,32,27,95.62,0,61,19,90.65,9.46,6.44,7.02,5.55,9.62,50.75,7.08,Low
EMP03712,24,19,99.83,5,27,50,76.38,9.29,8.61,9.82,7.16,9.7,54.32,4.49,Medium
EMP03713,54,21,90.62,3,68,27,95.48,6.56,8.37,5.73,9.49,8.2,71.86,3.95,Medium
EMP03714,32,3,93.66,0,55,66,98.54,7.28,9.21,9.32,5.17,6.13,70.1,4.49,Low
EMP03715,37,27,84.75,3,59,31,94.39,7.47,6.02,6.61,8.13,7.68,59.19,3.36,Medium
EMP03716,39,26,88.75,7,77,40,80.91,7.6,8.24,7.58,6.66,9.08,52.17,3.7,Low
EMP03717,51,11,97.12,6,21,66,80.39,5.67,8.87,6.81,8.11,6.79,84.6,5.17,Medium
EMP03718,31,7,83.35,0,42,58,68.63,8.88,5.31,7.52,6.33,9.53,59.89,6.73,Low
EMP03719,39,29,85.31,9,59,66,83.69,6.74,5.18,9.09,9.84,5.43,98.93,8.98,Medium
EMP03720,59,17,88.91,8,49,71,98.11,5.16,7.8,5.92,5.57,6.54,55.17,4.33,Low
EMP03721,40,25,94.24,5,44,73,63.22,8.38,7.94,8.77,5.79,9.97,68.18,2.49,Medium
EMP03722,57,9,87.52,1,26,34,90.1,9.15,6.96,7.23,5.23,7.92,73.95,1.23,Medium
EMP03723,34,21,98.55,2,47,53,94.78,9.59,5.18,9.67,8.97,7.95,60.92,5.09,Medium
EMP03724,24,9,81.89,6,60,47,99.47,8.37,7.01,7.73,5.47,6.2,75.17,9.7,Low
EMP03725,31,10,87.42,2,69,44,73.39,5.96,8.21,5.21,6.38,9.29,56.22,4.62,Low
EMP03726,59,13,94.18,2,78,30,74.22,7.95,8.51,9.55,6.03,7.15,50.08,3.39,Low
EMP03727,22,15,84.52,4,36,21,69.19,9.56,7.46,9.62,6.77,8.97,84.91,11.03,Medium
EMP03728,48,22,93.13,2,51,44,91.56,6.75,7.63,5.9,8.83,9.05,91.73,8.29,Medium
EMP03729,29,5,83.28,2,20,16,65.6,9.77,8.36,9.86,9.75,5.87,78.73,11.73,Medium
EMP03730,38,29,81.12,4,46,26,70.71,5.49,7.25,7.23,9.39,7.51,61.43,7.17,Low
EMP03731,30,3,82.42,4,63,57,71.81,8.64,6.32,9.57,9.21,6.92,69.73,6.95,Medium
EMP03732,27,27,98.6,8,55,54,75.0,5.6,6.11,6.82,7.09,5.77,81.31,11.69,Low
EMP03733,46,27,91.04,0,68,15,76.87,8.99,8.76,5.11,9.01,5.62,51.63,7.72,Low
EMP03734,49,8,95.93,0,26,72,82.36,5.49,7.44,8.98,8.89,5.23,54.71,6.66,Low
EMP03735,54,20,86.65,8,75,17,97.93,6.63,8.12,9.43,6.24,8.51,97.91,3.63,Medium
EMP03736,58,10,91.85,4,22,22,69.89,8.88,7.36,5.81,6.31,8.91,83.93,5.21,Medium
EMP03737,30,13,89.9,3,49,40,91.17,7.3,9.09,7.77,7.49,7.36,84.85,7.18,Medium
EMP03738,39,29,98.91,1,20,54,87.06,9.41,7.48,9.16,9.82,7.82,55.13,7.21,Medium
EMP03739,42,3,94.95,8,70,25,64.64,7.01,9.94,7.31,5.54,6.31,61.65,6.01,Low
EMP03740,23,29,94.61,5,53,35,92.42,9.97,6.21,8.94,9.94,8.57,69.56,8.58,Medium
EMP03741,59,22,80.93,8,57,19,63.62,5.09,5.69,8.19,5.79,7.92,60.26,2.73,Low
EMP03742,57,8,90.99,4,62,54,89.56,8.48,6.87,8.6,7.43,9.41,90.47,10.54,Medium
EMP03743,58,29,89.34,3,74,40,88.63,9.58,9.59,9.59,6.52,8.73,80.32,9.11,Medium
EMP03744,36,9,98.56,6,76,35,87.58,7.68,9.26,7.08,7.1,5.09,59.84,10.06,Low
EMP03745,49,22,85.15,4,72,23,71.07,9.94,6.24,8.85,9.79,9.05,88.55,1.39,Medium
EMP03746,39,21,85.4,7,55,31,82.93,8.54,8.0,8.56,8.16,5.14,77.04,9.6,Medium
EMP03747,55,12,88.23,7,52,51,90.46,7.15,7.94,7.19,6.49,9.07,60.39,9.14,Low
EMP03748,43,11,84.87,1,62,65,85.5,7.58,6.47,6.91,8.14,9.94,92.14,1.22,Medium
EMP03749,32,2,82.58,4,35,65,92.17,9.39,6.18,9.41,7.26,7.4,60.5,5.96,Medium
EMP03750,34,18,97.15,9,57,16,87.52,9.79,6.95,6.02,9.72,6.13,84.53,4.35,Medium
EMP03751,25,9,91.17,7,30,65,70.98,7.78,8.94,6.59,6.76,5.05,70.0,3.81,Low
EMP03752,43,2,97.23,2,27,69,66.12,6.54,5.96,9.87,7.92,5.75,87.47,2.73,Medium
EMP03753,28,2,96.62,6,71,61,85.28,6.2,7.23,6.39,9.25,7.52,71.17,3.79,Medium
EMP03754,45,3,85.64,2,20,54,90.39,7.39,7.41,9.36,9.79,9.03,64.33,9.38,Medium
EMP03755,25,16,90.95,5,33,42,65.69,6.48,9.7,6.86,9.0,9.36,98.05,10.99,Medium
EMP03756,49,19,81.66,1,49,70,66.99,7.1,6.52,7.76,9.68,8.42,87.94,4.86,Medium
EMP03757,36,4,98.31,5,40,41,60.48,9.17,5.1,6.99,7.32,5.43,91.38,4.14,Medium
EMP03758,22,23,88.09,5,77,54,81.27,7.36,8.47,6.11,8.82,9.96,65.64,4.22,Medium
EMP03759,24,25,87.87,7,40,15,81.69,8.2,8.78,8.46,5.47,8.74,67.4,6.88,Low
EMP03760,35,18,86.06,4,53,60,80.0,5.45,8.52,9.83,7.97,7.13,58.64,1.5,Low
EMP03761,59,20,89.21,0,57,25,72.64,8.81,8.5,9.46,5.07,9.07,72.34,7.32,Low
EMP03762,22,25,85.04,7,45,53,77.11,7.41,7.42,9.93,6.3,7.94,99.85,11.12,Medium
EMP03763,59,18,87.5,8,60,32,90.65,6.8,5.09,8.46,8.33,8.01,79.47,6.42,Medium
EMP03764,59,10,96.0,0,33,41,67.27,8.05,8.65,5.17,5.86,9.86,86.21,5.38,Medium
EMP03765,42,11,96.69,4,73,61,68.06,5.51,9.68,7.77,6.0,9.01,86.87,1.44,Medium
EMP03766,50,29,86.08,5,59,24,86.68,7.07,5.79,8.11,5.31,6.31,60.14,7.02,Low
EMP03767,26,17,89.38,3,77,50,94.68,9.05,5.34,5.6,8.74,5.88,52.8,2.5,Medium
EMP03768,31,26,97.48,1,54,35,73.62,6.31,6.33,9.14,7.24,5.86,56.08,6.08,Low
EMP03769,49,24,81.05,4,61,42,97.31,9.57,9.25,8.65,9.44,7.27,85.98,4.4,Medium
EMP03770,42,25,97.78,3,37,15,62.31,8.02,5.53,7.24,6.81,6.94,72.79,3.87,Low
EMP03771,28,23,84.38,6,39,28,64.74,7.7,8.58,6.46,7.18,7.26,95.23,11.53,Medium
EMP03772,24,24,93.57,5,79,34,78.4,7.0,5.31,6.11,7.47,5.31,68.33,9.66,Low
EMP03773,41,20,91.65,2,28,66,88.94,8.71,5.16,9.82,9.3,6.01,55.13,2.31,Medium
EMP03774,40,16,91.06,8,60,71,74.83,7.82,9.46,9.01,6.46,8.99,98.42,4.48,Medium
EMP03775,56,20,97.19,3,70,23,82.19,8.98,8.85,8.47,5.26,8.79,70.04,8.74,Medium
EMP03776,25,13,82.03,4,79,59,61.14,6.66,7.99,9.74,8.14,6.97,92.41,10.06,Medium
EMP03777,26,2,86.94,2,64,41,78.47,8.51,5.86,6.02,9.13,6.95,52.3,6.79,Low
EMP03778,22,24,90.77,7,52,72,69.7,9.72,6.39,9.29,7.78,9.42,67.97,10.9,Medium
EMP03779,25,27,96.23,6,68,63,80.65,6.4,5.24,7.92,6.6,5.91,79.72,4.98,Low
EMP03780,33,2,84.33,6,23,70,81.03,9.91,8.23,9.67,8.15,6.79,76.2,1.84,Medium
EMP03781,48,25,96.06,7,23,66,90.13,7.05,8.43,8.3,9.96,8.82,86.38,11.36,Medium
EMP03782,44,14,87.99,6,78,18,81.59,5.19,6.63,8.71,7.87,7.87,94.15,5.55,Medium
EMP03783,46,4,83.78,2,67,51,84.57,6.79,6.69,6.11,6.58,5.3,87.93,1.25,Medium
EMP03784,42,17,95.18,2,79,32,81.19,5.75,8.14,6.72,6.22,5.06,65.51,8.91,Low
EMP03785,45,13,81.82,1,35,45,99.62,6.52,9.73,6.51,9.99,5.1,98.47,3.77,Medium
EMP03786,46,4,90.3,0,66,63,91.66,5.48,6.97,8.47,9.25,8.28,95.95,2.0,Medium
EMP03787,53,3,81.28,4,45,67,90.23,5.89,7.47,7.06,6.4,8.11,81.5,10.28,Medium
EMP03788,53,12,87.13,3,25,53,85.09,5.63,8.49,9.3,6.31,5.22,75.5,3.67,Low
EMP03789,26,22,92.02,1,56,24,81.13,5.22,6.71,6.06,9.02,5.66,75.82,6.98,Medium
EMP03790,57,23,91.12,0,41,23,73.79,6.48,9.34,8.98,9.96,8.61,86.76,7.73,Medium
EMP03791,37,8,88.09,2,61,42,91.36,9.7,9.23,9.07,7.33,6.55,74.17,11.4,Medium
EMP03792,54,2,88.58,5,58,42,67.58,9.75,8.37,8.14,6.14,9.96,99.32,5.36,Medium
EMP03793,42,6,84.54,1,26,27,61.46,9.23,7.68,5.74,6.15,6.56,85.52,6.52,Low
EMP03794,30,22,89.12,9,61,32,87.93,5.06,9.92,6.63,8.99,6.68,61.91,4.32,Low
EMP03795,27,10,99.07,6,49,26,65.79,5.14,8.51,6.99,8.03,7.1,82.92,6.13,Medium
EMP03796,56,12,97.01,6,29,22,96.15,5.05,8.22,7.33,8.17,9.14,74.22,1.08,Medium
EMP03797,43,21,82.9,2,76,37,90.83,6.83,9.38,8.68,5.97,7.79,57.99,10.45,Low
EMP03798,26,10,80.6,0,34,64,84.09,9.9,7.77,6.69,5.65,9.29,75.94,1.73,Medium
EMP03799,44,10,98.67,8,25,19,72.56,9.48,6.21,5.09,5.05,7.14,92.95,3.71,Medium
EMP03800,38,23,90.53,4,43,21,85.52,6.25,5.69,9.33,9.58,8.04,51.23,8.91,Low
EMP03801,33,3,90.76,1,21,29,79.07,7.05,7.36,7.16,6.77,5.02,92.56,8.06,Medium
EMP03802,44,20,95.61,7,59,17,71.65,9.12,7.58,6.41,8.79,7.88,84.26,9.27,Medium
EMP03803,37,10,86.29,9,76,32,97.8,8.79,9.14,9.1,9.42,5.4,86.28,6.56,Medium
EMP03804,24,29,89.64,9,71,52,66.48,5.66,5.7,9.39,7.99,5.97,94.63,11.21,Medium
EMP03805,51,9,99.37,3,34,40,90.14,5.54,8.41,8.66,7.12,9.99,97.19,11.39,Medium
EMP03806,43,20,93.44,9,72,52,92.0,7.72,6.52,6.77,5.19,8.19,64.76,9.34,Low
EMP03807,30,19,83.07,6,40,73,98.07,5.51,9.7,6.16,6.69,9.35,95.96,4.54,Medium
EMP03808,50,14,82.66,4,37,66,81.98,9.13,7.35,8.56,6.61,5.29,60.83,1.45,Low
EMP03809,58,2,84.09,2,24,47,81.4,6.27,8.11,5.29,7.83,6.92,57.22,7.04,Low
EMP03810,44,5,95.33,9,44,35,96.81,5.94,8.25,6.96,8.82,9.31,77.74,1.1,Medium
EMP03811,34,20,85.91,7,55,31,92.04,5.93,5.46,8.79,8.56,7.05,96.38,9.9,Medium
EMP03812,53,29,80.43,1,29,57,90.55,5.23,9.26,7.93,9.35,6.27,52.72,7.47,Low
EMP03813,44,29,98.88,0,70,73,91.57,8.21,5.82,8.67,5.23,7.4,76.4,7.81,Medium
EMP03814,38,8,83.39,4,65,70,79.73,5.82,6.99,7.86,8.03,7.35,83.93,1.66,Medium
EMP03815,42,7,80.19,3,42,16,61.66,6.17,8.36,6.2,5.95,9.95,87.27,7.44,Medium
EMP03816,23,6,84.74,9,43,39,67.93,8.76,5.28,7.42,9.86,6.77,75.2,2.98,Medium
EMP03817,58,11,84.7,6,64,55,85.72,5.29,7.9,8.87,7.05,9.79,78.75,5.43,Medium
EMP03818,27,12,88.44,8,29,33,75.85,6.01,7.05,6.15,8.12,9.56,72.68,4.51,Medium
EMP03819,39,18,98.41,5,73,52,84.27,5.75,5.32,9.82,6.76,7.25,86.16,3.71,Medium
EMP03820,51,19,97.58,0,25,39,82.07,5.02,8.63,6.01,6.1,9.72,68.96,5.92,Low
EMP03821,43,10,89.14,7,32,53,77.55,7.7,7.51,5.07,8.44,8.64,64.02,9.38,Medium
EMP03822,54,25,88.22,1,40,18,69.39,5.95,6.52,8.89,9.7,9.43,63.14,3.57,Medium
EMP03823,51,29,91.1,3,51,17,88.76,8.16,5.42,9.64,5.3,9.46,82.67,6.62,Medium
EMP03824,38,25,84.87,2,62,48,96.36,7.51,7.74,6.23,9.13,5.43,96.23,4.92,Medium
EMP03825,53,21,81.04,5,73,56,90.8,8.34,6.53,5.78,6.71,9.48,63.68,8.2,Medium
EMP03826,35,14,98.78,1,76,24,64.8,9.91,9.73,6.12,5.6,7.45,62.49,7.24,Low
EMP03827,31,3,83.73,4,34,63,81.52,6.1,7.96,8.14,8.57,8.19,85.78,8.15,Medium
EMP03828,57,18,83.97,8,21,41,93.41,8.33,6.43,7.9,5.41,6.5,50.46,11.81,Low
EMP03829,55,24,89.45,2,77,62,83.64,9.17,7.64,8.11,8.64,8.23,91.71,6.58,Medium
EMP03830,30,15,89.83,1,78,40,77.58,9.79,7.7,5.04,7.18,5.14,68.96,2.13,Low
EMP03831,49,6,80.37,1,34,41,71.38,8.11,8.63,5.78,5.82,6.86,95.08,1.49,Medium
EMP03832,32,10,82.96,8,70,15,73.22,5.65,9.51,6.22,5.79,8.14,85.43,1.55,Low
EMP03833,35,27,87.56,5,36,58,69.69,5.27,9.81,8.49,8.74,5.98,89.64,4.87,Medium
EMP03834,40,12,93.67,1,39,34,67.83,6.39,8.59,8.04,9.14,8.36,58.56,8.97,Low
EMP03835,36,7,84.57,2,69,66,83.55,9.64,7.73,8.12,8.43,9.14,68.21,10.24,Medium
EMP03836,49,17,88.46,0,25,39,80.38,7.68,6.12,7.85,8.6,5.19,64.03,7.53,Low
EMP03837,45,1,91.15,1,34,24,89.39,7.9,7.02,8.72,9.24,8.02,85.76,6.28,Medium
EMP03838,29,26,97.77,1,36,15,72.32,8.05,7.44,9.71,7.14,7.9,51.14,10.31,Low
EMP03839,30,18,86.52,1,75,30,78.43,6.66,5.64,8.37,5.84,8.91,80.96,1.62,Medium
EMP03840,54,26,82.67,6,45,25,87.21,5.91,6.28,8.72,6.89,8.49,93.41,4.56,Medium
EMP03841,54,15,89.79,2,41,18,98.53,9.77,9.92,8.04,9.9,7.27,52.19,1.63,Medium
EMP03842,40,19,94.93,3,28,49,73.95,8.78,8.78,8.99,7.24,6.77,64.53,11.24,Low
EMP03843,24,28,82.2,1,31,71,71.93,7.56,7.41,9.71,9.62,9.93,60.4,1.98,Medium
EMP03844,31,1,88.49,4,41,27,77.97,6.88,6.13,8.03,8.51,7.51,99.9,11.56,Medium
EMP03845,22,5,80.36,8,77,35,88.95,7.41,7.87,5.91,8.69,7.04,99.28,9.04,Medium
EMP03846,50,15,80.67,8,42,29,98.46,5.17,6.16,8.85,5.95,9.97,56.22,6.44,Low
EMP03847,55,3,89.66,6,56,71,81.46,6.24,5.97,8.25,6.84,5.9,59.74,4.44,Low
EMP03848,34,1,85.96,7,33,24,92.5,6.25,5.47,9.67,8.66,5.93,51.15,6.91,Low
EMP03849,22,8,96.9,4,43,52,78.58,7.23,6.73,6.36,8.28,9.88,78.31,8.07,Medium
EMP03850,55,12,92.04,4,27,25,61.59,6.18,7.71,9.85,9.31,8.29,84.29,6.29,Medium
EMP03851,50,27,89.08,2,45,71,95.77,5.93,5.8,7.76,6.05,7.6,82.73,11.09,Medium
EMP03852,34,22,88.16,5,51,46,71.6,8.83,6.0,9.82,8.74,5.34,63.0,2.53,Low
EMP03853,50,25,89.94,0,76,47,65.55,9.47,6.96,8.92,5.2,6.78,60.16,2.41,Low
EMP03854,45,19,80.81,2,47,34,99.85,5.34,7.45,9.33,6.5,7.17,52.79,9.57,Low
EMP03855,47,25,97.86,1,51,50,73.9,6.05,8.81,6.62,8.15,7.56,81.63,7.17,Medium
EMP03856,38,25,99.97,6,41,44,65.46,8.87,7.83,6.1,9.9,7.18,62.28,5.47,Medium
EMP03857,28,12,83.63,8,68,72,72.46,9.08,8.09,8.12,9.95,7.19,54.44,10.02,Medium
EMP03858,34,13,82.41,3,28,24,80.55,7.5,8.48,6.87,7.2,9.97,67.73,11.33,Medium
EMP03859,26,28,82.87,6,22,68,63.52,8.47,7.25,9.93,8.82,9.87,57.42,6.77,Medium
EMP03860,47,1,93.22,7,44,72,74.1,5.39,6.72,7.48,8.0,5.43,75.31,7.25,Low
EMP03861,24,19,93.23,9,58,29,86.75,9.25,9.0,5.55,8.55,5.84,57.46,1.6,Medium
EMP03862,28,6,96.96,1,31,43,96.64,9.16,9.14,7.49,8.66,9.71,99.43,6.48,High
EMP03863,22,8,95.04,6,48,15,75.9,8.47,5.77,7.68,7.74,6.59,66.78,1.22,Medium
EMP03864,38,4,88.99,2,22,72,82.58,9.58,9.77,5.02,9.07,8.06,73.74,5.46,Medium
EMP03865,46,5,92.26,7,60,35,85.44,5.24,9.65,6.23,7.92,8.99,79.83,11.63,Medium
EMP03866,24,25,93.77,5,65,29,62.83,6.15,9.35,5.01,5.5,7.35,92.53,9.39,Low
EMP03867,36,22,90.25,2,42,17,73.69,6.81,7.11,7.81,9.95,5.08,97.4,9.08,Medium
EMP03868,50,28,89.51,7,42,47,87.37,5.79,9.21,6.46,6.52,9.14,68.35,9.63,Low
EMP03869,53,7,92.9,2,74,52,89.43,9.07,8.14,5.87,9.82,8.78,71.18,10.35,Medium
EMP03870,47,23,91.15,8,37,33,74.24,8.79,6.03,9.19,6.46,5.21,57.55,1.47,Low
EMP03871,37,4,92.88,2,30,18,60.27,8.87,8.87,5.15,9.27,9.49,59.48,10.67,Medium
EMP03872,46,20,92.26,0,55,26,60.27,6.46,7.03,8.46,8.45,9.29,86.11,9.52,Medium
EMP03873,49,4,94.38,1,45,39,81.52,8.81,6.46,7.86,6.78,6.38,71.76,8.52,Low
EMP03874,30,15,92.86,3,27,48,82.06,5.62,9.39,8.86,9.69,5.4,92.11,5.46,Medium
EMP03875,22,27,90.39,1,47,31,82.23,5.53,9.31,5.66,7.92,7.02,76.46,4.31,Medium
EMP03876,50,21,93.64,3,37,72,88.87,7.92,9.32,9.36,9.15,9.37,64.14,3.11,Medium
EMP03877,43,5,88.99,3,32,20,96.85,5.24,9.3,6.61,8.98,7.41,83.97,4.76,Medium
EMP03878,37,24,84.83,3,55,26,99.61,9.69,7.77,5.04,5.23,6.41,73.64,10.66,Low
EMP03879,28,9,80.03,0,61,29,88.04,6.64,8.08,8.28,6.34,6.16,94.51,1.62,Medium
EMP03880,35,2,91.2,8,59,31,80.56,7.39,9.74,9.3,7.36,6.78,68.59,8.99,Low
EMP03881,50,27,91.81,9,63,15,65.64,9.07,5.65,6.77,9.67,9.97,62.73,1.94,Medium
EMP03882,40,7,99.44,6,70,28,75.37,7.0,9.03,7.64,5.31,9.39,71.97,2.28,Medium
EMP03883,40,17,87.23,1,31,69,82.9,7.15,7.63,7.06,5.93,7.74,92.45,3.2,Medium
EMP03884,23,16,87.88,2,41,16,99.99,6.74,9.89,5.21,8.12,9.04,91.22,8.41,Medium
EMP03885,36,17,84.04,7,79,18,65.08,6.76,8.2,8.77,8.26,6.58,94.67,10.37,Medium
EMP03886,24,20,81.41,6,21,66,91.72,7.34,5.81,9.71,5.82,8.08,92.48,2.56,Medium
EMP03887,32,26,95.46,3,75,16,99.96,9.73,9.08,7.1,9.74,9.36,66.51,3.57,Medium
EMP03888,51,23,84.99,3,59,68,92.21,9.68,8.36,5.72,5.88,6.84,79.61,7.98,Medium
EMP03889,39,2,92.18,8,47,40,90.69,7.73,5.74,7.53,5.91,9.0,89.74,6.02,Medium
EMP03890,23,11,93.76,4,32,60,70.35,7.28,5.04,9.52,8.18,8.07,91.96,7.97,Medium
EMP03891,53,2,89.42,4,52,64,60.13,9.04,7.72,8.03,7.11,8.08,70.09,2.74,Medium
EMP03892,29,1,97.53,6,22,74,69.04,8.4,6.21,6.06,5.13,5.21,75.68,6.06,Low
EMP03893,43,26,88.88,0,53,54,91.59,9.41,9.34,7.77,9.6,9.5,64.53,4.75,Medium
EMP03894,27,2,85.7,2,42,66,64.29,8.65,6.25,6.63,5.38,8.88,84.89,5.8,Medium
EMP03895,33,29,97.92,1,74,47,71.84,9.76,8.31,5.12,5.78,5.18,83.59,4.26,Low
EMP03896,57,23,97.23,9,51,62,82.5,9.43,6.73,9.57,9.49,8.05,79.52,2.58,Medium
EMP03897,36,9,83.28,5,39,53,83.19,9.28,6.75,8.97,6.38,8.73,81.37,8.33,Medium
EMP03898,49,22,80.52,5,47,20,81.72,6.96,5.91,9.62,9.09,8.98,94.93,8.36,Medium
EMP03899,39,26,81.8,9,79,74,99.24,6.93,7.51,8.41,5.85,5.44,91.0,3.91,Medium
EMP03900,23,2,85.73,0,27,44,60.49,8.71,7.9,7.25,5.24,8.2,56.24,7.35,Low
EMP03901,34,28,99.45,5,22,36,79.5,5.42,7.91,7.47,6.17,6.16,82.14,11.58,Low
EMP03902,36,15,91.17,9,49,41,80.18,6.61,9.28,6.02,8.71,7.26,58.08,6.91,Low
EMP03903,41,10,87.47,1,44,33,71.73,9.66,8.26,6.93,8.31,7.63,57.42,4.45,Medium
EMP03904,50,15,97.77,3,72,24,81.0,7.25,8.7,5.82,6.55,5.14,72.46,4.39,Low
EMP03905,50,10,89.06,5,49,69,86.93,6.35,6.62,7.37,8.17,6.5,74.28,10.14,Medium
EMP03906,24,29,86.3,2,48,20,86.91,7.38,7.1,8.23,8.32,8.99,55.21,6.37,Medium
EMP03907,40,25,98.82,2,66,40,63.51,6.44,5.09,6.28,7.82,9.21,75.59,3.9,Medium
EMP03908,24,23,96.99,2,49,56,92.1,8.84,5.4,9.72,9.68,6.65,58.82,7.94,Medium
EMP03909,35,27,96.87,3,53,71,97.23,9.25,6.93,8.23,8.97,7.21,77.53,10.51,Medium
EMP03910,25,17,90.25,8,44,65,64.94,8.91,6.05,6.1,9.08,9.16,91.61,9.0,Medium
EMP03911,32,28,95.79,3,36,17,76.67,5.75,9.06,5.84,7.13,6.0,54.3,1.95,Low
EMP03912,52,9,83.59,3,78,66,80.47,6.68,8.38,5.85,8.42,8.65,69.96,4.76,Medium
EMP03913,53,18,91.46,3,43,17,65.39,6.07,9.85,9.87,5.92,7.04,61.69,9.94,Low
EMP03914,48,4,99.68,6,57,66,80.14,5.21,9.44,6.18,6.48,9.94,78.73,5.6,Medium
EMP03915,51,9,85.82,4,47,20,68.27,8.7,9.89,5.84,7.51,8.01,94.68,11.98,Medium
EMP03916,23,16,95.89,1,52,63,97.41,7.14,6.83,5.82,9.08,5.74,59.86,4.76,Medium
EMP03917,30,4,89.81,6,55,64,77.94,6.38,7.42,6.72,6.68,5.86,83.82,10.98,Low
EMP03918,49,16,80.8,2,70,24,99.8,6.54,6.86,8.08,7.2,5.14,54.65,6.05,Low
EMP03919,52,19,95.26,0,26,52,61.86,5.68,9.82,5.4,9.79,8.57,77.29,11.3,Medium
EMP03920,55,1,83.37,8,42,74,65.1,9.13,7.01,5.8,6.42,7.22,83.8,5.63,Medium
EMP03921,36,23,92.63,4,73,27,77.73,5.72,5.58,9.88,8.09,5.05,83.54,6.15,Low
EMP03922,46,6,81.71,9,65,52,94.97,6.69,6.25,8.09,5.5,5.51,86.91,6.95,Low
EMP03923,57,10,98.94,0,45,26,82.21,5.04,7.12,5.7,7.06,6.45,70.87,1.44,Low
EMP03924,29,16,85.83,0,33,60,89.29,7.18,8.01,7.75,6.65,7.12,88.0,1.92,Medium
EMP03925,30,4,84.53,0,61,63,76.94,6.77,8.09,6.2,5.07,9.69,73.64,10.4,Low
EMP03926,58,22,82.58,8,47,68,61.62,8.6,8.79,9.87,7.93,7.71,66.15,3.92,Low
EMP03927,53,22,98.92,7,43,41,85.91,8.58,8.24,6.94,6.66,9.47,66.1,7.9,Medium
EMP03928,38,13,94.24,5,26,74,85.36,5.19,7.46,5.71,6.26,6.25,58.78,3.86,Low
EMP03929,56,16,94.83,9,67,71,62.86,5.58,5.15,8.06,9.46,6.66,86.03,4.87,Medium
EMP03930,58,20,89.99,5,55,22,66.84,9.52,8.48,5.69,6.15,9.4,57.88,7.65,Low
EMP03931,40,29,89.49,5,58,72,79.05,8.96,5.43,7.59,7.03,7.46,81.81,4.72,Medium
EMP03932,50,6,82.2,3,34,19,77.87,6.95,7.34,9.26,9.75,7.95,83.27,8.98,Medium
EMP03933,28,26,91.2,4,68,50,90.1,5.83,9.48,6.73,5.4,7.87,64.33,6.68,Low
EMP03934,49,11,84.94,9,22,52,75.5,6.3,7.98,7.39,9.69,8.23,74.43,9.32,Medium
EMP03935,30,24,99.54,2,67,57,86.53,8.29,5.99,5.54,6.95,7.94,83.55,3.35,Medium
EMP03936,49,29,95.93,2,21,44,88.18,9.73,9.04,8.23,8.95,8.47,50.01,8.09,Medium
EMP03937,27,3,88.26,9,26,74,85.8,8.08,6.5,5.56,6.78,5.74,63.74,4.45,Low
EMP03938,50,20,83.03,6,76,51,83.85,5.13,7.89,6.63,7.08,8.55,68.98,4.88,Low
EMP03939,38,10,95.71,4,35,43,92.23,8.25,8.18,9.21,7.19,5.75,96.54,3.05,Medium
EMP03940,37,29,82.44,7,40,36,86.28,9.72,8.66,5.75,9.73,6.7,73.21,2.41,Medium
EMP03941,44,28,83.79,4,28,28,93.37,6.79,5.32,9.2,7.75,9.16,75.35,10.7,Medium
EMP03942,52,1,84.23,3,31,24,85.47,9.67,9.27,8.15,6.08,8.04,83.21,11.41,Medium
EMP03943,24,20,91.14,2,48,25,66.36,8.35,5.57,5.71,8.06,9.84,72.57,5.33,Medium
EMP03944,42,11,95.74,1,43,49,72.38,5.95,5.47,5.84,9.45,6.26,71.62,9.4,Medium
EMP03945,47,26,86.29,2,52,37,73.21,5.73,7.28,8.32,6.07,9.6,98.72,9.84,Medium
EMP03946,57,26,81.69,6,33,22,63.76,5.88,6.86,8.65,6.69,8.21,90.62,2.56,Medium
EMP03947,58,12,89.29,7,62,35,87.69,8.5,5.27,8.28,7.86,6.85,85.09,11.33,Medium
EMP03948,43,14,94.96,4,37,51,83.8,7.95,5.83,8.57,9.94,8.93,74.03,9.89,Medium
EMP03949,33,25,84.43,0,73,42,83.59,7.28,7.2,6.81,7.33,9.77,67.32,9.69,Medium
EMP03950,34,8,84.4,2,24,66,79.14,6.32,9.15,5.01,7.92,8.9,79.6,11.17,Medium
EMP03951,32,11,98.94,3,34,45,81.72,9.54,5.61,7.64,5.68,5.03,72.31,4.88,Low
EMP03952,37,4,99.08,9,78,72,60.32,6.07,5.52,7.97,8.79,5.05,73.33,10.75,Low
EMP03953,29,28,99.81,3,26,67,63.85,6.42,9.02,8.44,6.1,5.63,61.08,11.98,Low
EMP03954,23,7,96.15,0,44,42,87.33,5.27,7.46,6.16,6.64,9.25,89.56,3.54,Medium
EMP03955,51,10,83.76,9,33,56,70.46,6.38,6.8,5.85,8.55,8.75,89.55,2.34,Medium
EMP03956,51,19,84.24,8,71,41,64.32,9.61,7.31,9.15,8.56,8.2,65.05,2.2,Medium
EMP03957,33,25,86.8,9,59,54,73.15,5.94,7.05,9.21,6.59,8.47,64.46,5.15,Low
EMP03958,31,26,86.36,3,55,35,70.18,6.02,8.91,9.94,9.25,8.1,63.9,9.9,Low
EMP03959,32,4,99.13,1,54,23,61.17,8.0,5.05,6.7,8.97,6.74,58.13,9.26,Low
EMP03960,36,2,95.78,8,63,43,76.42,7.83,7.17,5.3,8.08,8.6,92.91,3.17,Medium
EMP03961,37,26,94.48,3,69,74,61.08,5.88,5.79,7.38,5.89,9.68,63.28,6.88,Low
EMP03962,38,21,83.72,3,43,29,60.02,5.77,6.54,7.4,9.52,8.75,84.93,4.98,Medium
EMP03963,47,18,98.19,5,34,47,91.7,5.58,5.56,5.18,7.64,9.34,54.98,10.15,Low
EMP03964,23,14,96.56,7,30,69,72.6,9.31,7.13,7.88,6.88,6.19,86.77,9.85,Medium
EMP03965,33,26,83.27,4,43,51,82.7,8.27,8.22,6.3,9.64,6.75,57.37,9.91,Medium
EMP03966,47,16,97.42,7,30,61,71.91,9.77,8.31,5.6,9.86,7.54,57.94,6.78,Medium
EMP03967,44,22,85.44,0,63,50,97.2,5.83,8.98,8.02,8.59,7.36,91.58,9.88,Medium
EMP03968,39,11,81.62,3,70,65,89.17,7.3,9.08,6.41,8.96,7.33,64.55,9.07,Medium
EMP03969,53,10,93.14,0,36,42,74.77,8.72,7.99,7.81,6.23,8.2,58.62,6.77,Low
EMP03970,59,17,93.08,2,25,24,68.43,6.07,6.77,5.08,6.29,9.28,76.84,9.5,Low
EMP03971,24,14,81.9,6,40,37,65.51,8.42,5.26,6.83,7.85,9.44,53.74,5.15,Low
EMP03972,59,22,86.38,0,27,42,90.5,7.37,5.18,9.33,9.92,5.75,85.52,9.58,Medium
EMP03973,24,4,99.86,4,34,48,78.12,7.15,5.57,8.25,8.72,5.45,92.07,7.86,Medium
EMP03974,51,19,93.57,0,73,19,69.28,8.22,9.92,9.34,8.73,6.56,62.42,10.48,Low
EMP03975,22,2,94.6,5,71,32,96.79,7.34,8.93,8.7,6.29,8.69,84.9,10.82,Medium
EMP03976,51,7,84.26,8,51,69,75.6,9.1,7.02,8.6,7.1,8.97,52.69,5.28,Low
EMP03977,53,9,81.58,2,77,20,81.74,9.65,7.33,9.35,6.71,6.92,73.9,4.17,Medium
EMP03978,49,28,85.54,5,29,56,94.31,7.94,8.69,5.1,6.51,6.55,97.6,4.08,Medium
EMP03979,42,19,84.98,3,47,61,93.34,6.5,7.57,7.1,8.66,5.65,76.9,4.59,Medium
EMP03980,34,16,84.69,5,34,37,85.52,8.89,6.8,9.8,5.5,6.19,70.54,1.56,Low
EMP03981,48,22,83.86,1,31,42,95.54,5.85,6.75,5.89,5.83,5.5,50.29,11.24,Low
EMP03982,57,25,91.5,3,62,55,98.08,5.47,6.05,8.27,7.06,6.52,62.8,2.36,Low
EMP03983,28,16,86.56,6,37,27,97.4,7.59,9.43,8.95,6.51,8.38,71.42,10.66,Medium
EMP03984,43,18,96.41,5,75,64,73.96,8.23,7.07,9.67,9.52,5.64,68.87,6.36,Medium
EMP03985,31,23,83.68,8,56,39,75.89,9.17,8.76,9.36,6.0,6.61,71.95,10.9,Low
EMP03986,36,21,89.29,6,63,21,69.62,9.78,7.87,8.38,6.24,7.64,51.18,11.26,Low
EMP03987,36,21,80.27,0,43,16,93.47,9.37,8.77,8.56,5.89,6.64,76.56,10.03,Low
EMP03988,25,11,89.63,5,56,30,64.87,9.94,6.6,6.72,9.29,7.2,62.57,5.48,Medium
EMP03989,53,7,81.12,2,73,72,74.2,7.38,8.76,6.12,6.01,7.48,70.03,5.54,Low
EMP03990,44,9,99.55,7,48,16,60.39,6.58,8.95,9.79,6.76,8.88,94.32,11.63,Medium
EMP03991,27,4,95.81,0,29,50,83.79,7.3,5.52,9.88,8.35,9.22,91.41,4.7,Medium
EMP03992,45,25,89.8,9,33,16,86.34,8.22,5.46,7.12,5.39,5.96,69.9,5.52,Low
EMP03993,41,13,81.73,1,35,63,69.96,7.54,9.93,7.05,9.08,6.85,52.7,4.2,Low
EMP03994,58,27,91.85,2,56,52,89.47,8.17,5.59,7.26,8.53,7.88,94.44,6.65,Medium
EMP03995,41,26,95.18,2,30,24,75.26,9.43,8.42,7.31,6.31,7.5,69.95,7.71,Low
EMP03996,33,25,83.81,6,70,28,72.47,5.83,8.74,9.21,6.96,5.4,73.98,8.29,Low
EMP03997,54,29,91.36,7,45,41,98.25,5.6,5.32,7.15,8.1,6.72,54.28,2.74,Low
EMP03998,49,4,96.28,8,59,29,83.55,7.49,8.73,9.41,9.73,6.14,84.63,4.81,Medium
EMP03999,29,19,95.36,6,38,35,70.09,9.91,7.1,8.48,8.15,7.09,85.61,11.96,Medium
EMP04000,22,2,96.06,7,71,26,99.33,5.3,6.37,9.83,6.27,6.69,70.43,1.79,Low
EMP04001,58,9,97.59,5,73,65,75.5,9.93,8.33,8.37,7.41,8.48,94.44,5.09,Medium
EMP04002,43,12,98.75,1,37,57,85.91,9.84,9.17,7.06,7.25,7.01,52.43,3.33,Low
EMP04003,27,2,88.11,0,49,47,88.95,6.46,7.86,9.59,7.66,6.21,65.38,4.1,Low
EMP04004,42,6,91.38,2,51,71,76.89,9.46,9.35,6.15,7.6,8.1,60.34,6.14,Medium
EMP04005,53,5,95.81,8,42,54,81.44,5.04,5.11,9.82,6.82,8.63,84.9,11.85,Medium
EMP04006,56,5,93.94,6,72,36,69.59,7.27,8.69,5.22,9.36,5.54,60.23,9.94,Low
EMP04007,36,20,99.91,1,31,52,78.63,7.01,5.85,8.2,6.65,6.26,85.14,3.65,Medium
EMP04008,26,22,80.27,0,77,58,72.43,9.51,6.43,5.09,7.65,6.04,89.83,2.51,Medium
EMP04009,27,5,87.1,1,32,66,81.9,7.36,7.86,6.02,6.3,6.01,89.16,7.67,Medium
EMP04010,46,27,85.62,2,40,62,86.8,7.09,6.37,7.32,7.17,9.51,51.4,10.64,Low
EMP04011,50,4,85.25,5,40,32,84.56,8.2,5.84,5.79,8.41,5.63,96.53,3.2,Medium
EMP04012,28,29,84.45,8,48,58,91.07,6.88,9.43,9.94,8.79,9.36,85.73,3.15,Medium
EMP04013,34,9,94.18,7,48,66,61.66,7.68,9.53,8.87,9.03,6.97,90.64,8.53,Medium
EMP04014,59,29,81.7,9,69,16,63.14,9.78,5.18,9.25,8.68,8.2,82.29,4.27,Medium
EMP04015,39,22,94.83,8,46,43,68.21,6.01,7.5,9.9,7.33,7.2,76.46,1.46,Low
EMP04016,23,27,93.87,7,48,21,99.43,7.29,6.02,8.37,5.19,7.99,82.23,4.33,Medium
EMP04017,29,10,85.02,6,34,45,92.01,5.08,9.32,6.33,7.62,7.76,68.01,3.32,Medium
EMP04018,32,16,85.06,5,66,55,96.96,9.21,7.31,8.78,5.28,7.16,72.89,4.6,Medium
EMP04019,54,10,92.58,7,31,32,70.88,5.46,7.39,7.92,9.83,6.38,85.62,9.96,Medium
EMP04020,59,29,95.24,5,77,23,82.95,5.47,8.14,6.34,6.89,9.65,83.38,8.41,Medium
EMP04021,48,10,97.53,1,60,71,82.2,9.41,5.28,6.84,7.52,9.58,79.68,4.08,Medium
EMP04022,41,29,97.04,8,38,22,82.78,7.05,5.64,8.04,5.65,5.36,52.46,5.5,Low
EMP04023,33,19,99.3,8,31,47,88.7,8.44,7.49,6.98,9.98,6.12,64.39,3.35,Medium
EMP04024,52,10,91.63,2,42,19,75.76,9.29,9.83,6.18,7.46,7.87,80.17,7.09,Medium
EMP04025,48,6,98.17,8,24,62,87.09,6.87,9.22,7.15,6.49,9.9,73.18,3.49,Medium
EMP04026,53,17,96.17,1,77,28,91.54,6.31,9.45,6.17,5.97,8.64,66.9,11.2,Low
EMP04027,31,5,97.89,2,45,72,71.56,5.85,5.69,9.38,8.25,9.09,85.85,3.97,Medium
EMP04028,24,26,80.23,5,72,27,97.83,8.04,9.79,8.47,7.18,6.57,69.35,8.83,Medium
EMP04029,48,6,99.32,3,71,25,80.72,6.26,8.65,6.88,6.59,6.09,95.42,5.33,Medium
EMP04030,56,27,89.47,7,29,34,89.31,8.17,6.63,9.73,5.05,6.13,76.58,10.83,Low
EMP04031,52,24,95.96,0,41,37,89.16,6.59,9.32,6.94,5.18,7.42,74.18,4.47,Low
EMP04032,36,27,82.54,5,58,59,82.61,6.74,8.74,7.87,8.47,9.29,66.86,1.18,Medium
EMP04033,37,15,87.92,1,42,41,72.91,6.25,8.68,7.56,7.4,6.08,56.71,2.17,Low
EMP04034,34,25,85.43,5,30,29,86.68,7.09,8.67,5.61,9.24,7.85,50.48,1.75,Medium
EMP04035,56,27,85.83,0,47,44,63.49,5.81,9.0,7.12,8.77,9.04,83.84,4.41,Medium
EMP04036,32,19,82.47,1,50,70,99.26,6.6,9.74,5.39,7.87,7.5,53.27,8.4,Low
EMP04037,42,18,96.12,8,27,72,67.36,8.89,5.68,5.85,7.8,7.08,66.25,6.68,Low
EMP04038,32,29,80.18,5,72,73,71.02,6.08,10.0,8.94,8.73,6.73,93.78,3.74,Medium
EMP04039,51,4,86.25,7,58,30,98.18,9.74,9.36,6.51,8.71,8.0,73.9,11.99,Medium
EMP04040,56,8,83.49,6,67,59,67.46,7.46,7.21,5.44,6.67,9.09,94.17,1.72,Medium
EMP04041,43,27,91.78,8,47,54,66.8,5.53,5.79,8.59,5.53,9.98,53.08,7.86,Low
EMP04042,59,16,85.09,8,35,32,92.18,9.72,7.27,9.01,8.86,9.35,92.17,9.82,Medium
EMP04043,52,24,85.18,3,65,65,70.05,7.28,8.89,7.89,6.12,7.26,96.57,11.54,Medium
EMP04044,35,19,89.77,6,66,72,63.79,7.78,8.01,9.58,8.96,5.4,95.68,4.9,Medium
EMP04045,45,20,93.05,4,71,61,69.07,5.93,6.4,9.25,8.09,5.6,66.83,7.27,Low
EMP04046,53,3,82.43,6,50,56,95.53,6.67,7.03,7.76,6.79,5.15,54.76,3.77,Low
EMP04047,57,10,83.51,3,60,37,71.21,8.52,9.77,8.69,9.26,6.81,95.75,1.37,Medium
EMP04048,53,2,84.94,9,67,50,87.8,5.62,9.02,6.65,8.46,7.41,57.87,6.69,Low
EMP04049,36,4,99.47,0,35,52,75.81,7.85,5.62,8.18,7.73,9.1,77.3,7.5,Medium
EMP04050,56,6,87.94,3,24,22,70.48,8.47,7.73,9.88,6.5,5.43,70.37,4.03,Low
EMP04051,24,11,91.98,9,54,70,65.76,5.01,9.65,9.0,9.93,6.14,97.89,3.56,Medium
EMP04052,37,14,84.83,2,72,53,98.89,9.19,5.17,6.87,9.19,7.55,70.8,4.09,Medium
EMP04053,26,16,89.81,8,44,43,80.84,5.28,5.21,9.66,5.68,9.25,68.52,6.77,Low
EMP04054,42,27,81.48,4,32,26,64.59,6.23,8.58,9.13,9.03,5.44,79.34,8.49,Low
EMP04055,31,21,80.69,3,48,32,67.95,9.82,7.88,5.19,5.6,6.22,76.39,8.93,Low
EMP04056,40,19,89.37,7,46,64,76.29,5.41,5.23,8.73,6.24,7.72,72.61,4.05,Low
EMP04057,46,2,87.97,4,59,33,81.77,9.13,9.98,9.88,9.79,6.62,75.13,10.42,Medium
EMP04058,25,25,82.74,2,36,50,67.27,8.26,7.9,6.59,9.35,9.96,54.92,6.34,Medium
EMP04059,50,17,93.75,1,56,47,71.11,7.99,7.46,6.38,8.03,7.26,96.75,7.03,Medium
EMP04060,40,9,99.86,7,57,19,91.35,7.91,7.24,8.2,8.5,9.56,62.52,3.51,Medium
EMP04061,23,17,87.91,1,48,53,76.7,5.83,8.5,5.55,5.45,9.7,78.51,5.21,Low
EMP04062,31,15,92.49,7,77,42,60.06,8.34,7.29,8.37,6.66,6.3,51.77,1.57,Low
EMP04063,46,7,99.26,4,78,40,62.16,9.76,8.3,6.13,6.61,6.63,64.78,7.35,Low
EMP04064,41,22,96.63,7,53,57,77.57,5.39,7.44,7.26,5.16,6.62,84.44,9.24,Low
EMP04065,40,23,89.27,4,49,35,62.4,6.66,8.05,9.46,8.52,7.18,72.87,6.98,Low
EMP04066,44,19,94.75,0,50,37,66.96,7.36,9.03,8.98,6.54,5.32,86.51,4.59,Low
EMP04067,45,3,82.56,1,41,35,89.12,6.16,9.09,5.54,8.17,9.04,57.77,10.18,Low
EMP04068,32,29,90.24,5,65,25,79.22,8.7,9.25,8.81,5.14,5.65,99.4,1.63,Medium
EMP04069,55,27,85.58,2,44,56,79.3,8.44,6.01,7.06,5.01,9.47,72.29,3.74,Medium
EMP04070,49,1,83.22,7,23,70,83.93,5.59,5.31,9.97,5.85,7.88,76.94,1.55,Low
EMP04071,26,4,88.53,4,54,53,91.54,7.85,9.18,6.5,8.51,7.41,62.88,5.32,Medium
EMP04072,26,28,82.62,2,60,30,66.34,6.84,5.21,7.35,8.02,8.3,66.96,3.75,Low
EMP04073,42,18,93.98,9,69,47,66.92,6.14,6.07,6.71,6.0,9.67,82.73,8.51,Medium
EMP04074,33,26,89.12,6,63,41,64.86,9.24,7.63,7.93,7.62,6.48,67.09,1.86,Low
EMP04075,25,8,90.62,7,28,15,97.47,5.27,9.28,6.33,8.1,6.35,85.93,1.37,Medium
EMP04076,41,19,82.93,3,78,58,83.09,7.34,9.48,9.56,9.69,6.85,64.29,7.08,Medium
EMP04077,59,23,82.8,8,45,30,63.71,7.38,8.14,8.08,8.81,7.43,88.27,9.21,Medium
EMP04078,46,23,91.67,5,46,19,68.83,7.85,9.83,9.71,5.68,5.38,83.75,6.15,Low
EMP04079,35,28,99.7,0,46,60,89.02,5.99,8.65,8.4,6.35,8.4,60.61,4.09,Low
EMP04080,32,25,81.93,4,37,32,61.16,9.36,7.64,5.93,7.02,7.6,52.5,6.48,Low
EMP04081,53,6,85.71,4,49,55,89.03,9.83,5.67,5.08,5.53,7.7,96.51,4.72,Medium
EMP04082,32,1,97.39,6,64,48,96.46,7.74,7.14,7.04,7.78,6.25,61.76,4.26,Medium
EMP04083,39,8,81.45,6,78,58,62.26,6.28,9.11,9.97,9.54,9.2,78.86,5.92,Medium
EMP04084,48,1,97.52,5,65,39,67.46,9.38,6.42,9.38,6.53,6.99,64.89,7.75,Low
EMP04085,39,19,90.49,7,50,56,60.1,9.94,7.89,9.23,9.92,8.26,82.91,7.37,Medium
EMP04086,44,11,88.17,1,61,48,64.36,8.71,9.92,7.84,6.25,6.2,85.06,2.19,Low
EMP04087,32,21,86.19,6,22,29,84.68,6.67,5.87,5.47,7.36,9.08,53.72,3.4,Low
EMP04088,42,24,85.94,9,48,18,61.79,6.18,5.51,5.08,6.72,6.5,52.5,1.08,Low
EMP04089,26,25,86.12,6,26,65,77.03,5.78,8.98,9.19,6.54,9.61,99.54,5.82,Medium
EMP04090,44,15,97.7,3,37,68,80.14,6.17,5.12,5.89,6.89,7.27,88.4,9.47,Medium
EMP04091,46,23,94.48,9,35,18,96.27,6.14,8.22,5.38,5.16,5.73,63.08,5.56,Low
EMP04092,31,25,93.39,1,68,39,78.97,9.84,6.68,8.55,7.66,8.06,74.57,11.99,Medium
EMP04093,43,11,95.97,3,76,55,65.7,8.22,8.62,5.01,8.71,7.78,97.9,9.25,Medium
EMP04094,40,19,85.14,3,51,27,71.57,5.83,5.6,8.7,9.32,7.11,77.19,5.12,Medium
EMP04095,22,29,92.36,5,57,56,86.89,7.44,6.65,5.96,6.62,9.1,70.96,11.71,Medium
EMP04096,28,21,89.2,6,44,60,64.48,5.92,5.09,6.61,7.75,7.11,51.88,8.05,Low
EMP04097,25,10,95.65,2,63,39,69.27,8.03,6.18,5.86,9.46,5.68,79.24,11.11,Medium
EMP04098,22,24,86.19,9,51,17,99.83,6.71,7.42,8.89,9.0,5.14,94.08,1.96,Medium
EMP04099,36,12,92.86,0,38,49,60.22,5.98,5.89,7.42,7.32,9.46,77.14,7.13,Medium
EMP04100,33,1,97.64,2,22,66,66.09,6.21,8.0,5.83,5.82,7.33,89.09,10.99,Low
EMP04101,43,24,88.04,8,77,62,93.75,8.38,5.59,5.19,7.79,7.81,94.3,8.16,Medium
EMP04102,43,7,81.33,0,79,23,64.06,7.04,8.73,9.93,9.95,5.57,70.37,11.87,Low
EMP04103,38,17,90.32,7,54,28,61.35,7.57,9.61,8.57,8.79,7.45,70.58,11.95,Low
EMP04104,50,29,86.92,1,69,36,64.85,9.11,6.93,8.4,9.24,7.67,96.07,9.71,Medium
EMP04105,35,29,93.44,5,48,62,87.74,8.28,7.64,7.51,5.94,7.33,67.03,4.07,Low
EMP04106,41,26,99.02,2,30,23,99.72,7.31,7.44,7.17,9.52,9.77,83.08,10.39,Medium
EMP04107,54,28,89.71,6,25,38,83.63,9.77,8.93,8.98,5.07,7.86,80.99,8.74,Medium
EMP04108,36,10,89.32,1,38,37,64.97,6.07,9.97,9.13,9.31,9.87,74.26,2.17,Medium
EMP04109,33,28,93.09,3,56,51,67.35,6.44,8.68,5.31,6.2,5.77,82.1,5.26,Low
EMP04110,41,6,82.07,9,64,59,81.51,9.56,6.07,9.3,8.11,9.57,85.16,10.62,Medium
EMP04111,51,17,85.07,8,46,29,88.63,9.27,8.48,8.81,6.47,7.76,96.24,8.79,Medium
EMP04112,59,18,98.38,5,24,71,86.52,5.65,8.08,7.43,5.68,6.48,90.04,5.7,Medium
EMP04113,24,5,93.4,3,45,50,82.99,9.65,6.05,7.38,6.24,8.73,67.9,7.74,Medium
EMP04114,49,18,80.27,1,54,28,99.45,5.05,6.2,9.17,7.36,7.78,71.61,11.3,Low
EMP04115,47,26,84.09,9,38,66,67.92,9.11,8.26,8.97,9.6,7.88,95.18,7.57,Medium
EMP04116,51,17,93.66,8,36,70,66.92,6.39,9.04,5.69,6.95,5.86,63.55,3.5,Low
EMP04117,34,22,95.29,3,73,34,94.36,5.94,8.81,7.75,5.28,8.4,66.24,8.36,Low
EMP04118,34,16,96.8,8,54,53,71.63,7.24,8.03,9.85,5.12,6.47,84.46,3.93,Low
EMP04119,23,8,85.84,1,66,50,73.3,9.49,9.69,8.68,6.05,6.78,55.54,7.81,Low
EMP04120,58,24,98.62,6,68,41,81.95,8.93,8.66,9.86,5.26,9.53,89.36,8.09,Medium
EMP04121,59,13,91.06,4,32,31,75.25,9.84,7.71,8.88,6.86,5.9,97.42,4.98,Medium
EMP04122,23,29,93.93,7,33,40,71.51,7.7,9.08,7.62,6.92,9.43,82.16,9.15,Medium
EMP04123,57,24,91.93,7,49,55,96.69,7.55,6.45,8.02,9.86,7.5,53.61,4.22,Medium
EMP04124,47,16,82.45,3,77,18,65.17,5.07,6.32,8.55,6.53,5.89,61.93,1.16,Low
EMP04125,32,11,99.26,3,67,17,76.17,5.9,9.86,8.64,7.99,9.06,54.88,4.86,Low
EMP04126,29,6,82.46,7,76,33,60.12,7.49,9.75,8.74,9.09,8.26,65.45,10.49,Low
EMP04127,43,27,85.1,2,62,55,92.3,8.76,9.4,9.65,7.57,6.73,96.98,7.35,Medium
EMP04128,41,3,96.27,6,36,54,66.74,9.11,6.07,6.55,8.48,6.5,67.96,10.34,Low
EMP04129,29,1,92.37,7,56,72,90.92,6.42,7.94,9.15,9.87,7.1,59.22,2.41,Medium
EMP04130,50,18,96.76,7,72,53,65.94,8.56,7.68,7.85,6.62,5.68,83.08,3.12,Low
EMP04131,47,5,90.31,9,34,21,76.67,9.14,6.02,9.43,5.37,9.05,94.98,2.81,Medium
EMP04132,51,13,87.54,3,37,50,89.13,6.87,7.24,8.16,7.15,6.39,51.72,9.64,Low
EMP04133,38,10,98.44,8,67,33,70.83,8.48,7.33,9.68,7.7,9.13,83.42,7.73,Medium
EMP04134,41,5,80.73,9,33,26,72.56,7.19,6.2,7.12,7.9,8.66,64.45,4.7,Low
EMP04135,37,26,97.12,3,33,34,86.69,9.93,9.77,5.5,8.69,9.71,68.7,9.59,Medium
EMP04136,28,14,84.62,7,64,52,67.51,5.03,7.46,8.22,9.49,5.5,61.86,5.79,Low
EMP04137,37,17,96.97,5,52,26,98.07,7.07,7.62,8.87,7.5,6.75,95.3,7.77,Medium
EMP04138,48,1,82.78,4,57,43,67.55,6.32,7.99,8.46,5.72,8.12,94.3,10.4,Low
EMP04139,44,25,91.6,3,74,44,90.0,9.25,9.43,8.62,7.02,9.29,80.24,5.68,Medium
EMP04140,45,2,97.76,4,30,34,92.1,6.44,7.67,5.14,5.78,5.78,50.8,9.28,Low
EMP04141,30,7,89.47,0,30,18,74.97,7.72,7.7,9.82,5.91,9.31,97.33,7.22,Medium
EMP04142,56,10,94.93,6,76,16,66.25,8.7,6.2,6.32,5.01,5.33,73.37,10.98,Low
EMP04143,41,20,96.09,7,67,61,66.64,7.49,8.01,7.07,9.65,7.37,74.45,6.01,Medium
EMP04144,58,7,94.73,8,75,44,99.42,7.05,6.91,7.09,8.73,5.42,88.65,4.29,Medium
EMP04145,38,24,98.51,2,45,37,89.02,5.21,8.23,9.53,5.5,5.75,80.69,3.96,Low
EMP04146,52,16,88.94,8,22,20,78.0,5.11,6.5,8.72,9.6,8.87,56.07,3.1,Medium
EMP04147,29,5,83.46,9,44,32,70.29,9.79,8.58,8.1,9.35,5.09,55.27,4.92,Low
EMP04148,36,29,80.96,4,36,67,60.76,8.22,8.09,5.6,9.55,7.78,62.61,5.78,Medium
EMP04149,52,28,84.93,9,41,36,86.82,9.13,7.37,6.62,5.49,5.49,53.53,2.49,Low
EMP04150,51,12,82.86,5,48,51,98.28,7.4,5.48,7.46,5.4,9.06,91.65,9.09,Medium
EMP04151,41,17,91.16,0,65,18,64.27,6.31,8.13,5.57,5.34,9.04,51.97,11.32,Low
EMP04152,33,16,83.7,8,45,57,90.18,6.47,9.3,7.86,9.83,8.51,97.3,5.53,Medium
EMP04153,38,20,80.78,8,53,25,66.13,5.22,5.86,6.07,8.3,8.78,55.56,11.18,Low
EMP04154,51,26,80.72,5,45,55,91.68,8.95,5.42,9.12,5.89,7.95,92.88,5.64,Medium
EMP04155,50,16,96.63,7,76,49,74.82,7.91,5.2,9.14,9.65,7.43,61.86,3.42,Medium
EMP04156,40,19,91.83,3,28,25,88.48,7.4,5.16,7.99,7.22,7.05,83.04,10.45,Medium
EMP04157,32,26,87.16,4,59,48,97.05,9.26,9.21,6.8,8.93,8.31,67.11,10.92,Medium
EMP04158,55,15,97.88,4,30,23,84.81,7.22,8.64,5.22,8.18,6.91,53.36,8.03,Low
EMP04159,28,12,81.4,6,26,45,96.83,9.74,6.01,8.14,8.25,5.01,86.52,11.15,Medium
EMP04160,55,21,99.61,6,49,70,69.4,5.07,9.59,8.92,7.2,5.5,90.39,4.84,Low
EMP04161,41,10,92.33,6,73,71,99.13,9.92,5.68,8.95,6.97,8.26,64.94,4.51,Medium
EMP04162,59,29,83.67,4,21,56,94.91,9.08,6.87,7.42,5.81,6.82,89.23,10.4,Medium
EMP04163,45,26,93.58,3,49,46,64.3,6.77,7.26,5.7,5.35,9.95,72.87,4.09,Low
EMP04164,31,29,95.27,7,23,57,76.54,7.98,5.38,5.32,9.64,6.77,86.48,10.53,Medium
EMP04165,53,22,88.59,0,77,49,97.08,9.32,6.74,5.28,9.68,5.54,82.26,3.62,Medium
EMP04166,36,2,97.23,0,74,63,63.12,7.41,5.51,6.25,8.21,6.64,96.49,8.64,Medium
EMP04167,58,7,83.01,5,33,25,78.15,5.26,8.95,5.71,6.94,8.43,66.4,10.0,Low
EMP04168,41,13,85.58,1,32,31,88.94,9.52,5.23,5.84,5.13,7.64,55.5,10.55,Low
EMP04169,24,3,81.87,2,73,65,61.34,7.59,5.09,8.49,7.24,8.05,89.41,11.62,Medium
EMP04170,58,15,84.22,3,44,50,90.11,7.73,8.66,5.9,8.29,5.56,90.64,4.3,Medium
EMP04171,29,1,84.77,1,32,16,74.45,5.07,8.9,8.46,6.5,9.13,51.31,6.99,Low
EMP04172,44,26,98.35,9,32,38,69.97,5.5,7.48,6.76,6.71,9.51,56.31,11.52,Low
EMP04173,32,3,81.56,6,56,60,83.04,8.89,6.59,8.87,7.36,5.73,91.61,1.11,Medium
EMP04174,29,25,88.55,9,79,29,81.77,7.17,6.18,5.8,7.47,8.13,80.03,7.77,Medium
EMP04175,50,10,90.65,0,63,42,94.96,9.99,5.59,5.12,8.71,6.15,72.64,2.65,Medium
EMP04176,51,27,97.97,2,25,17,87.04,8.48,7.42,5.45,7.5,5.91,91.34,5.84,Medium
EMP04177,31,27,99.95,1,45,43,76.87,9.75,7.46,9.83,9.23,6.02,62.3,1.92,Medium
EMP04178,49,15,95.07,8,73,66,86.01,6.4,7.28,7.69,7.41,7.61,66.24,4.7,Medium
EMP04179,57,22,99.42,7,33,68,90.01,5.88,8.89,8.04,5.16,9.43,88.68,8.61,Medium
EMP04180,34,27,95.74,2,27,72,97.49,6.88,5.5,9.84,5.71,9.09,79.55,9.93,Medium
EMP04181,53,6,99.26,4,43,59,88.17,6.32,8.35,8.88,8.59,5.72,60.42,7.17,Low
EMP04182,57,20,94.15,2,41,68,81.75,8.07,7.01,5.56,7.26,7.55,94.7,5.8,Medium
EMP04183,58,15,81.6,5,59,27,74.92,8.72,6.2,7.11,7.31,5.75,99.72,4.77,Medium
EMP04184,47,24,88.04,4,58,64,95.66,7.01,8.41,9.11,9.89,7.19,57.23,10.98,Medium
EMP04185,43,21,92.93,1,68,36,91.7,5.45,5.99,8.32,7.86,7.81,64.83,3.17,Medium
EMP04186,25,7,87.01,9,40,66,63.09,5.13,6.15,6.08,5.58,9.06,87.47,8.53,Low
EMP04187,52,25,85.47,7,62,67,87.98,6.09,9.99,9.03,7.17,9.31,56.17,2.55,Low
EMP04188,39,29,91.55,5,45,45,81.55,8.66,9.44,7.79,7.81,5.14,73.23,10.9,Low
EMP04189,59,29,98.67,2,29,21,64.15,6.11,8.49,8.94,5.19,8.45,60.92,4.14,Low
EMP04190,45,21,80.7,0,32,69,82.6,9.55,6.58,8.13,6.82,7.05,83.22,5.08,Medium
EMP04191,44,27,95.38,4,61,62,67.7,8.26,7.68,7.31,9.84,7.47,67.99,3.01,Medium
EMP04192,43,5,94.45,1,72,62,88.33,9.31,5.63,8.64,8.76,6.11,92.41,11.28,Medium
EMP04193,23,4,99.28,1,77,68,71.14,6.93,6.67,9.33,6.86,5.17,72.91,10.76,Low
EMP04194,52,22,98.61,8,33,40,66.01,9.92,5.34,7.33,6.31,9.18,76.83,6.21,Medium
EMP04195,32,18,95.24,9,28,45,63.28,8.4,8.05,5.15,6.42,6.15,94.45,1.33,Medium
EMP04196,49,3,90.41,6,26,52,79.63,6.78,9.29,7.97,9.14,9.4,88.43,10.95,Medium
EMP04197,53,17,84.09,5,58,52,67.99,6.06,9.05,5.45,7.01,5.35,90.44,11.59,Low
EMP04198,26,18,90.9,0,77,18,94.21,9.33,9.28,6.62,9.22,7.04,50.62,1.77,Medium
EMP04199,59,18,95.31,9,50,49,60.12,6.59,5.87,7.75,9.54,8.71,82.87,7.7,Medium
EMP04200,31,24,97.91,1,69,47,93.75,5.22,8.25,6.73,7.32,6.28,73.3,11.51,Low
EMP04201,45,24,95.79,6,35,17,80.84,6.39,9.78,6.4,9.73,9.84,94.18,8.66,Medium
EMP04202,56,2,83.91,2,27,33,96.89,5.9,8.92,5.1,6.5,8.19,51.91,6.68,Low
EMP04203,44,13,91.99,1,67,23,68.18,6.6,5.02,6.35,6.3,6.09,92.24,4.76,Low
EMP04204,38,22,86.64,5,70,60,64.09,8.07,9.41,6.92,5.54,8.97,56.77,9.14,Low
EMP04205,22,15,80.18,7,34,33,85.0,7.5,8.53,6.45,6.23,9.92,79.59,11.86,Medium
EMP04206,52,5,84.0,7,44,70,88.27,8.55,5.61,8.14,8.86,6.25,86.33,8.03,Medium
EMP04207,52,3,82.26,1,66,70,74.9,6.67,6.57,8.33,7.02,9.11,59.88,6.55,Low
EMP04208,55,5,96.85,5,57,33,60.55,5.6,5.59,8.9,5.74,9.89,58.33,2.85,Low
EMP04209,30,5,85.17,4,60,72,76.28,5.8,8.65,5.93,5.54,6.1,84.11,10.47,Low
EMP04210,43,5,85.69,6,34,40,69.35,8.99,5.02,8.09,7.45,6.17,58.36,5.22,Low
EMP04211,34,3,99.2,3,44,74,73.9,5.49,7.32,7.15,7.7,8.59,75.65,9.46,Medium
EMP04212,46,3,87.58,1,26,27,80.27,8.99,10.0,6.61,8.97,9.75,63.13,4.83,Medium
EMP04213,39,20,80.19,9,45,36,88.09,6.06,9.26,7.41,8.57,8.48,51.58,2.33,Low
EMP04214,33,23,85.68,2,79,62,98.53,8.39,7.94,7.41,5.84,7.52,53.36,8.36,Low
EMP04215,38,28,82.39,8,27,74,65.76,8.12,8.47,8.2,6.38,5.53,56.57,7.0,Low
EMP04216,36,28,82.06,9,37,22,87.2,5.49,8.02,7.8,8.47,9.62,77.26,2.66,Medium
EMP04217,36,28,81.55,7,40,38,69.33,8.33,9.05,8.16,5.9,5.35,60.57,10.12,Low
EMP04218,36,18,91.87,8,35,40,68.83,7.24,9.43,9.9,9.02,6.06,92.47,4.33,Medium
EMP04219,34,26,83.79,4,66,62,85.34,8.54,8.83,9.05,8.29,7.25,51.36,5.87,Low
EMP04220,38,20,87.22,4,22,72,91.04,9.18,5.91,6.46,7.68,7.5,82.97,6.46,Medium
EMP04221,53,4,97.24,6,20,55,99.11,5.2,6.86,7.67,8.22,5.28,54.48,3.71,Low
EMP04222,30,1,88.49,6,32,55,90.75,8.24,8.92,6.15,5.5,5.41,94.52,6.52,Medium
EMP04223,41,26,98.31,0,73,70,66.29,5.52,9.12,7.59,7.74,5.63,52.06,1.75,Low
EMP04224,47,16,89.96,4,51,69,69.02,6.89,8.14,8.56,7.26,5.2,57.15,3.06,Low
EMP04225,48,8,87.98,7,31,72,90.46,5.06,8.57,5.33,7.56,9.89,63.88,4.03,Medium
EMP04226,42,17,95.01,6,50,17,81.08,6.64,5.87,5.69,6.69,6.19,55.03,4.95,Low
EMP04227,39,8,81.46,1,60,21,71.82,5.85,6.86,5.04,7.34,9.4,95.58,3.74,Medium
EMP04228,34,7,81.79,7,21,66,78.87,7.78,7.67,6.89,9.42,8.92,56.62,6.18,Medium
EMP04229,37,25,93.04,1,60,64,96.6,7.56,9.92,8.84,6.72,8.53,54.15,8.25,Low
EMP04230,30,8,89.74,9,27,70,90.22,8.97,9.0,7.25,5.22,8.29,52.99,4.8,Low
EMP04231,33,21,95.81,0,78,16,78.03,8.2,5.96,7.85,6.28,7.49,90.3,1.41,Medium
EMP04232,59,24,98.33,2,44,47,99.22,8.57,6.76,7.95,7.27,7.82,82.49,7.97,Medium
EMP04233,40,27,87.77,2,24,26,91.79,5.46,6.08,5.45,7.67,9.45,87.85,10.68,Medium
EMP04234,28,26,91.93,5,64,62,60.23,5.14,5.76,5.87,7.14,8.89,85.25,2.37,Medium
EMP04235,56,12,90.01,2,21,26,64.49,9.85,5.6,9.58,9.13,6.15,98.4,3.04,Medium
EMP04236,39,16,99.63,6,61,67,82.16,7.14,9.83,7.29,9.58,5.52,88.42,1.33,Medium
EMP04237,37,12,96.62,7,77,24,74.0,6.97,9.53,7.09,7.43,6.47,69.13,3.4,Low
EMP04238,25,19,98.23,2,57,55,92.5,5.18,7.42,8.75,5.38,5.66,64.49,4.25,Low
EMP04239,46,10,85.09,8,58,67,95.83,5.59,7.74,5.23,7.1,9.77,64.6,6.02,Medium
EMP04240,53,7,95.45,0,22,41,69.63,9.7,9.19,9.2,5.91,6.91,65.64,8.7,Low
EMP04241,34,12,85.31,2,65,32,90.53,8.47,8.24,8.35,6.42,5.87,59.32,5.76,Low
EMP04242,38,20,84.17,2,67,72,81.42,7.05,8.66,5.72,9.16,8.11,69.66,5.01,Medium
EMP04243,58,5,98.89,6,57,18,75.68,9.52,8.96,5.32,7.68,6.99,55.5,8.52,Low
EMP04244,27,16,80.39,4,41,54,91.47,7.95,7.42,5.01,9.14,6.09,64.86,8.09,Medium
EMP04245,40,9,99.31,3,59,37,82.6,8.73,9.87,6.47,9.93,5.29,58.76,5.66,Medium
EMP04246,34,7,82.99,1,52,35,85.41,7.16,8.14,6.62,7.73,5.46,95.98,4.73,Medium
EMP04247,47,20,96.39,6,71,50,62.49,7.16,8.17,5.88,9.56,7.82,73.06,5.18,Medium
EMP04248,35,22,85.52,2,51,44,83.44,5.34,5.71,6.44,8.42,8.75,91.13,5.45,Medium
EMP04249,52,26,87.01,6,66,62,72.03,8.67,9.94,7.81,5.51,9.63,79.42,1.99,Medium
EMP04250,25,14,84.34,9,36,35,79.73,5.5,5.35,5.56,7.09,7.93,79.93,3.0,Medium
EMP04251,29,11,91.71,6,75,37,68.88,8.82,9.93,6.01,8.29,8.26,50.16,8.22,Low
EMP04252,46,7,86.96,1,37,35,84.58,5.95,9.55,7.81,8.53,6.21,50.64,11.24,Low
EMP04253,34,29,93.15,6,75,22,65.9,6.24,9.28,8.52,9.3,6.37,63.94,1.93,Low
EMP04254,53,10,80.31,5,22,53,64.92,9.59,8.37,9.66,8.19,7.09,52.95,2.33,Low
EMP04255,59,29,81.29,9,75,69,67.54,7.36,8.04,7.55,5.45,9.34,63.86,2.08,Low
EMP04256,59,9,81.99,3,25,71,92.7,5.63,9.98,5.57,5.71,7.18,80.9,3.81,Low
EMP04257,49,4,88.38,4,68,70,61.34,9.53,9.87,7.96,6.64,6.2,85.46,9.72,Low
EMP04258,51,16,96.3,7,74,27,89.18,7.26,9.06,9.98,6.47,9.6,80.61,10.19,Medium
EMP04259,24,10,97.76,4,32,74,62.26,5.65,5.43,9.42,6.11,7.06,77.72,10.81,Low
EMP04260,49,19,84.9,2,74,54,83.67,6.95,6.86,8.9,8.09,5.4,54.06,9.62,Low
EMP04261,24,24,91.49,1,73,36,90.94,7.95,9.33,8.67,7.15,7.73,56.41,6.05,Low
EMP04262,55,17,95.37,5,50,21,69.24,6.81,8.51,8.78,8.42,8.13,52.05,7.25,Low
EMP04263,37,9,85.78,5,36,38,67.84,9.62,5.61,5.45,6.93,9.78,90.62,8.53,Medium
EMP04264,43,13,88.18,6,40,19,71.57,6.35,6.74,7.6,6.37,9.03,66.18,3.72,Low
EMP04265,53,1,90.48,7,35,72,87.98,5.88,5.1,8.45,7.75,5.51,70.12,7.0,Low
EMP04266,59,2,82.7,3,36,64,70.19,6.1,9.46,5.36,5.48,7.56,81.21,6.66,Low
EMP04267,29,13,80.52,7,51,69,80.07,5.42,8.74,9.57,9.94,7.17,98.45,9.43,Medium
EMP04268,29,24,83.06,0,20,40,65.38,7.26,7.18,5.64,8.28,6.97,80.75,3.58,Medium
EMP04269,27,9,92.54,5,67,65,78.45,9.39,8.8,5.44,5.61,5.7,55.87,11.12,Low
EMP04270,35,7,81.47,5,57,24,84.99,6.53,9.67,5.62,8.11,6.88,95.13,5.26,Medium
EMP04271,53,16,83.79,2,27,25,62.87,6.29,6.4,7.12,5.37,7.35,61.48,6.44,Low
EMP04272,56,19,86.76,8,20,54,92.62,9.19,6.43,7.72,7.53,6.09,89.53,4.69,Medium
EMP04273,31,7,81.56,4,21,52,97.5,6.53,7.41,5.47,6.45,7.88,87.38,2.27,Medium
EMP04274,24,6,83.83,0,66,25,67.74,7.38,8.53,8.93,8.5,6.11,70.75,2.95,Low
EMP04275,33,18,98.23,6,56,62,90.38,5.16,9.97,6.0,7.44,5.61,76.11,11.89,Low
EMP04276,52,19,80.39,9,43,44,72.54,6.44,5.81,7.8,8.93,9.92,61.43,4.85,Medium
EMP04277,50,11,93.07,2,46,18,87.07,5.65,6.71,7.46,6.15,8.44,85.13,2.27,Medium
EMP04278,26,29,87.69,9,39,16,72.27,5.53,6.82,9.53,8.28,7.97,98.96,5.9,Medium
EMP04279,46,12,93.45,9,66,27,94.49,7.16,8.63,9.47,8.44,6.64,71.36,2.51,Medium
EMP04280,52,29,91.77,3,40,53,73.88,6.39,9.43,6.19,7.39,6.04,99.9,7.76,Medium
EMP04281,42,26,84.47,5,61,31,93.95,5.83,5.92,7.69,9.29,5.66,62.62,1.27,Medium
EMP04282,41,10,96.94,7,56,37,90.65,7.56,8.57,9.93,5.73,5.31,56.03,7.17,Low
EMP04283,43,13,89.84,3,54,59,67.85,8.92,9.55,6.66,8.79,8.5,99.92,8.55,Medium
EMP04284,25,12,96.45,8,57,24,66.28,8.67,5.61,5.37,5.66,6.38,68.8,1.89,Low
EMP04285,34,21,88.12,7,72,27,91.19,6.25,8.18,8.59,5.78,6.59,92.97,2.63,Medium
EMP04286,41,10,99.69,9,34,56,75.61,6.32,6.01,7.52,6.01,5.8,51.48,9.52,Low
EMP04287,34,20,95.41,9,69,53,97.98,8.66,7.21,9.7,8.31,5.59,81.4,5.63,Medium
EMP04288,38,18,99.32,5,65,56,97.72,7.79,5.63,7.88,8.2,7.47,50.17,2.01,Medium
EMP04289,57,4,90.29,6,61,43,87.74,8.71,8.42,7.56,7.23,8.64,75.23,10.49,Medium
EMP04290,54,28,89.47,7,49,30,80.02,5.01,7.01,9.57,6.57,9.95,86.83,9.11,Medium
EMP04291,22,24,95.11,1,23,17,67.8,5.44,7.84,6.9,8.06,6.7,81.07,3.06,Medium
EMP04292,36,5,97.61,4,62,50,95.3,9.01,7.62,7.99,5.72,8.32,81.38,4.82,Medium
EMP04293,34,5,99.28,6,71,74,63.28,9.26,8.47,9.23,8.14,5.58,66.33,7.25,Low
EMP04294,38,29,86.49,7,58,18,74.81,6.72,9.48,7.99,5.06,7.78,81.69,1.24,Low
EMP04295,45,28,95.97,4,34,50,72.77,9.79,6.4,6.49,5.72,7.59,92.74,6.39,Medium
EMP04296,29,12,84.21,2,42,30,98.34,6.51,7.98,7.79,8.54,5.16,74.83,4.75,Medium
EMP04297,48,26,90.91,5,60,55,64.72,9.45,7.87,7.16,9.37,7.41,77.09,11.18,Medium
EMP04298,44,3,83.6,4,34,20,95.61,7.11,6.58,9.92,5.38,7.48,91.92,3.48,Medium
EMP04299,29,29,86.95,7,45,56,78.26,7.81,7.5,5.25,8.19,6.86,56.09,5.38,Low
EMP04300,29,8,98.63,8,31,71,61.9,8.22,5.2,8.84,5.31,7.87,80.05,2.79,Low
EMP04301,47,22,82.92,8,37,42,89.15,5.67,7.13,5.12,9.39,5.23,73.72,2.41,Medium
EMP04302,34,2,92.65,5,25,50,64.04,5.19,6.35,8.02,6.96,9.22,70.86,4.08,Low
EMP04303,58,18,91.86,3,37,37,69.48,7.13,9.32,7.15,8.71,7.6,70.38,9.98,Medium
EMP04304,49,9,82.41,3,76,26,91.99,5.8,6.79,9.55,5.86,5.16,81.64,5.15,Low
EMP04305,46,13,86.52,8,69,56,66.19,7.74,5.96,7.7,9.31,9.92,94.88,3.05,Medium
EMP04306,37,7,91.26,3,73,45,73.02,7.27,7.65,9.14,7.15,6.91,82.5,1.19,Medium
EMP04307,23,10,83.74,7,43,26,74.44,5.61,9.05,8.36,6.04,9.93,63.22,7.03,Low
EMP04308,39,9,96.01,8,57,74,83.55,8.33,6.77,7.24,7.86,5.9,56.89,6.45,Low
EMP04309,38,22,99.44,4,47,46,91.6,5.1,9.23,6.69,6.44,5.15,98.91,3.32,Medium
EMP04310,51,15,84.3,5,34,39,69.23,5.63,6.63,5.59,6.44,8.57,65.21,5.0,Low
EMP04311,34,5,83.74,2,38,72,68.23,8.5,8.68,5.07,5.57,9.73,73.31,4.17,Medium
EMP04312,53,12,89.1,4,24,65,68.88,7.64,5.58,5.01,6.07,5.39,50.87,8.83,Low
EMP04313,50,1,94.96,4,23,43,75.26,6.41,5.31,6.13,8.99,8.68,90.56,5.04,Medium
EMP04314,51,12,85.63,1,36,33,81.4,5.9,8.69,7.8,7.62,5.35,89.66,6.17,Medium
EMP04315,39,22,80.4,9,72,36,60.54,8.21,6.84,9.88,6.77,8.97,84.73,11.88,Medium
EMP04316,34,6,90.82,5,29,38,91.21,6.03,6.96,8.53,9.65,7.91,67.8,10.85,Medium
EMP04317,42,19,99.13,8,31,47,97.07,9.92,7.87,5.35,8.99,8.91,68.68,8.24,Medium
EMP04318,51,19,87.83,6,24,50,93.74,9.35,9.93,8.23,6.55,6.86,74.8,6.31,Medium
EMP04319,42,16,88.4,7,26,59,61.49,5.66,5.86,7.43,5.55,9.53,70.1,4.87,Low
EMP04320,38,19,99.38,1,63,54,80.98,9.3,6.5,8.18,5.92,6.51,58.42,11.37,Low
EMP04321,40,3,93.89,8,42,68,92.56,6.73,8.24,8.12,8.38,6.42,61.55,11.04,Low
EMP04322,36,23,94.38,2,21,60,73.76,7.45,8.5,5.72,7.82,9.8,66.54,2.82,Medium
EMP04323,30,10,91.25,9,49,30,95.88,5.71,8.53,9.6,9.9,5.61,50.99,3.77,Low
EMP04324,31,27,99.49,4,71,16,95.48,5.59,7.98,7.77,5.07,7.96,67.06,5.3,Low
EMP04325,52,18,93.78,6,68,22,65.67,9.33,7.94,8.5,9.38,7.87,91.05,6.03,Medium
EMP04326,44,26,97.9,3,64,27,79.75,8.15,5.74,6.94,5.07,6.18,73.46,6.96,Low
EMP04327,51,13,93.99,6,56,44,61.03,7.3,9.17,5.61,7.12,6.59,59.28,1.43,Low
EMP04328,54,26,94.7,7,24,15,71.27,5.18,5.04,8.45,9.58,6.43,84.74,1.75,Medium
EMP04329,30,18,85.81,9,39,26,92.47,9.61,7.09,9.71,8.29,9.23,51.08,6.16,Medium
EMP04330,22,3,86.07,9,45,63,99.01,6.88,6.08,7.91,7.92,6.95,57.73,11.1,Low
EMP04331,56,26,95.66,3,63,21,96.53,7.08,5.52,5.99,6.57,6.79,79.11,9.17,Medium
EMP04332,32,28,85.93,4,63,62,61.7,6.45,6.6,8.12,9.83,8.18,83.62,6.97,Medium
EMP04333,55,23,91.26,2,58,28,97.07,9.46,8.29,7.14,5.84,7.48,64.74,1.31,Medium
EMP04334,37,3,84.99,4,25,56,92.91,6.72,7.49,7.0,6.35,7.13,63.9,1.75,Low
EMP04335,30,23,96.34,7,48,49,94.71,5.87,9.37,9.57,7.26,8.55,51.03,7.93,Low
EMP04336,53,25,82.21,2,29,42,96.59,7.5,8.0,8.69,5.63,7.06,64.25,3.11,Low
EMP04337,36,27,96.59,4,70,26,79.53,8.91,6.27,7.54,7.12,6.11,97.97,7.33,Medium
EMP04338,33,26,92.05,9,35,54,68.45,6.86,7.58,7.09,5.2,8.71,69.85,5.99,Low
EMP04339,54,12,83.74,0,53,62,60.84,8.26,6.14,6.21,9.62,5.34,66.39,3.03,Low
EMP04340,35,27,90.84,1,50,71,60.94,6.52,5.89,6.72,6.61,10.0,81.33,6.12,Medium
EMP04341,29,20,85.65,2,55,38,85.7,8.6,9.78,7.7,8.17,7.98,99.45,10.75,Medium
EMP04342,29,7,86.47,0,60,15,73.49,8.34,7.34,5.24,9.35,6.08,71.89,3.47,Medium
EMP04343,48,25,87.03,8,77,31,79.84,8.4,8.26,6.79,9.09,5.99,54.75,11.53,Low
EMP04344,33,24,81.27,8,24,52,65.25,8.23,9.37,7.47,9.37,6.37,85.87,3.52,Medium
EMP04345,22,8,99.72,4,52,42,99.02,5.78,6.61,8.04,8.6,9.4,94.87,6.02,Medium
EMP04346,32,9,80.63,3,62,47,65.2,9.44,8.95,8.72,5.97,9.13,84.02,8.95,Medium
EMP04347,52,14,93.25,4,38,38,77.79,7.93,8.94,5.07,6.83,5.72,74.86,9.52,Low
EMP04348,38,5,87.42,3,51,61,77.73,6.91,9.12,6.47,7.56,8.0,62.32,4.41,Low
EMP04349,54,21,92.92,4,76,59,60.35,5.86,5.95,6.3,6.68,9.55,72.3,1.18,Low
EMP04350,53,19,87.12,6,42,20,86.71,8.92,9.81,7.61,9.78,8.67,71.11,7.88,Medium
EMP04351,50,21,93.48,7,22,35,81.53,7.55,6.37,7.33,9.03,7.94,98.13,4.54,Medium
EMP04352,42,16,94.58,1,20,59,79.9,5.74,8.88,5.4,8.99,6.04,51.85,6.73,Low
EMP04353,42,24,93.81,3,55,68,92.72,9.61,5.81,8.81,6.81,9.72,68.23,1.71,Medium
EMP04354,44,12,82.28,7,60,18,69.65,5.53,9.62,8.44,8.77,9.46,65.55,5.3,Medium
EMP04355,27,21,93.14,6,47,47,94.44,7.62,7.14,9.11,8.07,6.61,99.11,7.94,Medium
EMP04356,43,4,85.6,8,67,69,94.59,8.05,8.34,5.56,6.88,7.49,50.32,1.92,Low
EMP04357,59,8,80.58,4,58,24,93.07,9.99,9.25,7.53,6.54,5.41,64.62,6.2,Low
EMP04358,58,7,88.3,5,24,71,73.66,5.7,6.41,8.02,8.94,8.16,98.69,5.81,Medium
EMP04359,29,15,88.67,7,32,50,66.5,8.07,6.94,5.24,7.98,5.27,57.96,4.43,Low
EMP04360,56,6,89.34,4,30,27,79.01,7.38,6.57,9.8,5.18,9.53,89.47,11.84,Medium
EMP04361,32,5,94.1,8,65,50,70.39,6.29,6.41,8.97,5.11,9.4,78.19,11.72,Low
EMP04362,45,14,86.18,3,41,62,62.09,9.71,7.55,6.22,9.21,6.41,95.3,6.39,Medium
EMP04363,42,21,86.31,7,68,23,71.18,8.95,7.73,8.14,5.45,8.71,93.66,3.07,Medium
EMP04364,23,13,81.21,2,42,45,78.77,8.89,5.38,5.72,7.6,7.2,78.81,6.13,Medium
EMP04365,40,10,93.74,4,31,18,64.51,9.5,8.37,9.37,8.04,9.23,77.71,10.33,Medium
EMP04366,49,18,91.36,7,72,72,97.77,8.63,7.1,5.49,9.58,5.31,57.55,4.79,Medium
EMP04367,38,29,86.99,9,74,34,86.24,7.53,9.45,9.52,7.57,7.53,53.02,4.75,Low
EMP04368,27,4,94.1,6,72,22,65.45,6.96,9.43,9.14,5.97,6.99,86.6,9.9,Low
EMP04369,40,8,90.75,0,40,41,92.48,8.52,8.6,7.39,6.3,6.3,80.63,7.91,Medium
EMP04370,59,24,89.38,3,38,50,97.12,8.01,9.27,8.26,5.24,6.05,89.77,5.46,Medium
EMP04371,49,11,90.23,1,24,23,70.51,7.71,9.61,6.23,6.11,8.38,50.91,6.71,Low
EMP04372,23,17,92.73,1,43,57,65.73,7.95,7.89,6.92,9.08,6.01,96.68,7.54,Medium
EMP04373,59,18,93.2,6,49,38,72.9,8.28,9.86,6.09,8.78,8.16,53.65,2.77,Medium
EMP04374,58,21,85.78,2,27,51,93.29,9.84,9.78,7.64,5.41,6.95,95.23,6.25,Medium
EMP04375,25,25,82.81,2,21,55,67.0,8.77,5.55,6.59,7.4,6.21,59.56,6.75,Low
EMP04376,43,26,83.13,5,78,54,91.17,5.88,7.61,6.76,6.51,8.92,63.0,11.95,Low
EMP04377,47,11,92.79,5,68,44,88.65,7.33,5.57,7.21,8.25,6.82,93.59,3.78,Medium
EMP04378,57,16,97.46,0,53,40,86.05,8.39,8.42,9.36,9.81,5.07,72.57,3.73,Medium
EMP04379,34,12,88.19,0,78,18,77.33,5.88,8.83,7.74,8.15,9.26,84.72,9.37,Medium
EMP04380,53,13,83.39,5,42,66,74.67,9.66,9.42,9.03,8.73,6.57,95.0,4.69,Medium
EMP04381,38,27,95.13,6,22,15,63.41,5.39,8.25,9.24,6.99,9.11,64.58,1.62,Low
EMP04382,57,16,96.65,8,75,34,74.29,8.05,7.27,6.23,5.16,7.73,56.79,11.54,Low
EMP04383,40,23,97.61,3,71,42,84.07,9.88,5.78,8.89,7.09,9.41,77.02,1.46,Medium
EMP04384,56,26,92.14,9,77,59,95.93,8.64,5.63,8.24,7.55,7.09,69.41,11.11,Medium
EMP04385,49,21,97.21,5,77,38,93.32,8.39,7.43,7.54,7.46,5.85,89.94,9.94,Medium
EMP04386,22,1,80.31,2,43,42,61.29,9.99,9.16,5.44,6.17,5.09,50.25,7.72,Low
EMP04387,39,16,82.14,3,37,42,65.55,8.96,8.75,7.86,7.37,8.89,79.02,10.7,Medium
EMP04388,54,15,81.85,8,66,19,93.94,9.85,9.4,5.78,8.59,8.9,75.8,3.15,Medium
EMP04389,33,6,94.25,0,56,46,97.57,8.49,9.05,9.08,6.56,5.98,92.49,3.06,Medium
EMP04390,29,12,81.39,4,73,68,62.23,8.33,6.03,9.67,8.17,9.78,78.83,5.88,Medium
EMP04391,45,8,89.93,6,68,66,88.05,8.81,6.0,7.39,5.77,9.75,99.78,11.96,Medium
EMP04392,37,7,89.45,2,50,44,74.63,5.94,7.29,7.2,6.39,6.83,51.33,1.1,Low
EMP04393,25,2,86.21,1,33,35,74.57,9.03,5.96,7.44,9.42,5.74,75.18,2.56,Medium
EMP04394,59,12,97.41,1,20,56,85.71,9.85,5.94,5.34,8.13,6.42,98.8,8.91,Medium
EMP04395,48,21,83.41,0,33,30,92.41,8.06,6.34,6.18,5.43,9.65,97.28,3.84,Medium
EMP04396,30,14,87.05,4,60,22,70.99,5.06,5.11,9.7,6.32,8.05,60.93,7.1,Low
EMP04397,37,16,95.48,2,24,26,88.21,5.36,7.86,6.73,9.97,9.57,91.36,8.86,Medium
EMP04398,33,11,80.61,6,50,46,85.44,6.17,6.98,7.96,6.35,5.11,90.27,10.25,Low
EMP04399,52,20,93.46,0,50,39,80.69,7.46,6.19,8.25,7.9,9.95,98.12,7.12,Medium
EMP04400,45,9,96.33,8,49,17,84.1,7.07,5.67,9.39,7.75,8.14,75.47,2.11,Medium
EMP04401,35,10,98.65,1,55,40,60.72,9.9,7.28,6.19,7.01,5.93,76.46,8.63,Low
EMP04402,46,17,97.53,7,20,50,60.16,9.73,8.01,9.45,5.17,7.53,89.32,6.51,Medium
EMP04403,55,12,86.39,9,22,31,82.02,6.96,9.87,6.96,6.42,9.1,99.95,8.64,Medium
EMP04404,24,6,91.73,3,39,41,80.96,8.97,6.27,9.61,9.77,5.71,65.46,1.63,Medium
EMP04405,45,19,81.55,5,62,67,62.85,8.18,5.13,7.06,5.1,8.04,84.17,1.04,Low
EMP04406,30,11,85.16,8,67,66,79.68,6.22,8.68,5.52,8.58,8.47,83.56,10.98,Medium
EMP04407,47,9,81.88,6,62,36,90.3,9.66,6.18,5.26,9.46,7.06,92.87,7.25,Medium
EMP04408,41,21,86.3,7,40,68,81.65,6.3,7.42,9.84,8.81,7.71,82.47,2.97,Medium
EMP04409,31,29,97.5,6,49,59,80.7,9.35,9.04,5.61,6.62,9.19,72.91,8.75,Medium
EMP04410,40,6,86.94,1,61,72,88.72,8.19,5.18,7.71,7.6,9.76,65.54,8.78,Medium
EMP04411,24,27,91.24,8,63,52,66.87,8.11,5.71,7.63,9.34,7.77,98.46,11.06,Medium
EMP04412,45,25,88.67,0,49,49,78.3,9.19,5.49,7.01,9.88,8.51,66.79,9.44,Medium
EMP04413,26,25,89.18,1,24,60,65.92,7.47,6.17,7.09,5.49,6.61,62.76,10.23,Low
EMP04414,24,24,99.39,2,29,21,80.95,9.27,5.87,7.38,5.62,6.67,89.63,10.19,Medium
EMP04415,48,25,85.92,2,43,17,83.68,7.75,6.58,5.5,9.78,9.44,74.88,4.23,Medium
EMP04416,37,16,92.55,9,64,20,64.87,9.92,8.73,8.95,9.36,5.49,59.16,6.74,Low
EMP04417,36,20,88.4,3,70,27,63.02,8.3,5.21,6.89,6.06,6.03,67.95,1.39,Low
EMP04418,56,16,81.22,4,58,60,66.67,6.87,5.37,6.22,9.85,6.35,60.17,1.47,Low
EMP04419,33,6,89.79,5,67,29,83.45,8.82,7.82,6.59,6.05,5.47,60.45,10.69,Low
EMP04420,47,5,96.27,0,25,40,67.58,7.55,7.6,8.06,5.44,8.34,53.79,1.56,Low
EMP04421,55,21,81.98,7,29,62,71.01,9.03,7.37,8.88,8.41,9.53,82.26,7.04,Medium
EMP04422,44,4,81.39,5,78,47,88.1,9.17,7.58,5.77,7.7,5.13,68.56,11.22,Low
EMP04423,52,2,83.07,9,61,29,69.93,8.08,8.71,7.96,6.2,6.26,52.98,3.26,Low
EMP04424,41,28,95.29,8,77,70,75.9,9.36,7.88,7.11,9.64,9.6,82.55,5.87,Medium
EMP04425,33,6,94.48,4,62,53,97.15,7.02,7.28,9.31,7.02,7.33,64.84,8.12,Medium
EMP04426,44,9,91.3,6,73,74,93.0,5.29,5.41,9.75,7.01,9.43,58.1,7.18,Low
EMP04427,25,28,89.36,3,29,55,70.22,8.31,9.87,8.39,8.16,9.72,98.02,5.0,Medium
EMP04428,44,17,97.77,5,44,61,83.9,8.82,6.2,7.95,6.15,9.95,53.74,9.66,Low
EMP04429,22,14,95.33,5,33,28,86.63,5.36,9.35,8.9,7.93,6.98,69.33,5.5,Medium
EMP04430,46,7,96.24,3,66,33,96.01,8.85,6.89,7.48,6.82,6.71,80.78,5.25,Medium
EMP04431,23,22,96.27,5,58,42,81.9,8.2,8.42,5.28,8.48,8.74,99.67,1.24,Medium
EMP04432,51,19,92.85,7,32,38,82.45,5.58,7.27,8.51,6.24,7.97,54.12,10.51,Low
EMP04433,24,1,89.16,4,30,64,95.54,7.7,6.77,7.9,5.93,8.3,96.58,11.99,Medium
EMP04434,42,29,97.29,1,58,55,62.18,5.54,8.07,5.76,6.25,7.66,94.04,9.18,Low
EMP04435,46,20,98.52,8,30,47,85.13,6.61,7.68,6.06,9.68,7.57,88.96,11.68,Medium
EMP04436,41,25,80.48,3,65,26,76.67,9.02,6.16,6.15,9.25,6.57,55.13,6.45,Low
EMP04437,43,15,81.03,3,68,24,96.39,5.5,6.68,8.66,9.14,7.98,64.54,7.4,Medium
EMP04438,42,18,99.17,6,35,21,98.42,7.3,5.17,7.59,8.9,6.34,63.56,10.73,Medium
EMP04439,54,3,85.54,9,52,60,66.81,8.03,5.97,5.24,8.18,6.78,76.71,6.76,Medium
EMP04440,59,18,97.47,9,60,72,71.26,9.7,6.68,9.19,5.49,8.15,56.0,1.79,Low
EMP04441,36,2,87.78,5,60,15,70.94,8.69,9.86,8.22,6.62,8.18,90.81,9.12,Medium
EMP04442,36,10,82.38,3,79,29,64.03,5.7,7.64,8.67,7.81,7.89,84.11,2.53,Medium
EMP04443,46,11,81.61,5,51,68,79.32,9.84,8.5,9.69,5.53,8.37,93.05,4.77,Medium
EMP04444,42,27,83.13,2,78,15,80.52,7.39,8.37,6.3,5.15,7.06,61.13,10.29,Low
EMP04445,45,24,85.0,6,29,59,82.92,6.85,9.9,7.95,5.47,7.97,81.02,4.05,Low
EMP04446,26,3,89.77,5,70,34,86.52,5.64,7.78,8.8,5.54,5.48,92.55,11.28,Low
EMP04447,27,7,94.03,2,34,69,62.52,9.67,7.93,7.56,5.55,7.42,52.52,9.97,Low
EMP04448,44,8,99.73,0,35,16,84.9,7.93,6.5,7.43,5.95,7.93,77.53,11.65,Medium
EMP04449,25,19,88.83,9,62,17,96.55,9.94,8.13,9.64,7.5,7.11,86.36,2.15,Medium
EMP04450,48,18,90.36,4,46,50,78.2,5.87,8.79,6.22,6.43,5.08,68.58,4.24,Low
EMP04451,39,13,90.44,9,75,30,64.27,7.73,5.52,8.26,9.3,8.51,67.68,9.7,Medium
EMP04452,42,13,90.79,1,76,68,63.44,5.55,7.4,9.85,9.38,7.28,51.61,8.41,Low
EMP04453,49,24,90.35,6,68,43,71.27,7.62,7.11,6.1,9.6,5.78,74.49,9.4,Medium
EMP04454,56,19,80.18,6,79,58,90.1,9.45,5.57,7.31,7.36,9.86,79.82,10.6,Medium
EMP04455,43,23,80.03,3,70,71,70.44,5.55,6.71,9.88,8.87,9.71,87.02,3.99,Medium
EMP04456,44,12,81.95,5,64,50,92.57,6.35,7.68,5.18,7.95,5.79,54.32,11.7,Low
EMP04457,24,17,82.03,0,51,68,92.79,8.41,8.25,8.15,5.72,8.54,70.83,9.35,Medium
EMP04458,31,28,94.1,1,25,58,78.28,5.38,6.44,7.02,8.18,7.59,62.88,11.43,Low
EMP04459,46,22,84.1,5,66,53,72.03,7.27,7.38,8.86,9.19,6.45,60.34,2.2,Low
EMP04460,29,12,97.89,1,67,66,83.91,6.67,8.67,6.62,6.74,8.42,62.28,7.14,Low
EMP04461,32,28,98.57,3,55,68,92.42,9.19,7.11,6.86,8.73,7.24,68.03,9.98,Medium
EMP04462,26,13,99.52,3,27,17,62.58,5.25,9.7,7.58,8.87,9.49,86.64,1.98,Medium
EMP04463,58,25,98.78,9,44,51,98.14,9.32,5.15,6.73,8.22,8.52,71.78,6.34,Medium
EMP04464,59,12,85.44,8,26,58,85.84,8.52,6.3,6.3,9.42,7.54,53.16,9.77,Medium
EMP04465,50,19,90.2,9,78,26,75.93,6.49,5.67,6.78,5.72,7.26,67.37,1.54,Low
EMP04466,26,14,83.51,6,36,73,80.24,5.99,7.71,9.54,9.22,5.16,55.48,8.89,Low
EMP04467,30,7,96.12,6,67,72,75.42,9.75,5.89,6.71,8.05,5.8,60.59,11.65,Low
EMP04468,23,13,97.77,0,49,34,76.5,7.77,8.71,9.5,9.28,5.23,56.47,1.62,Low
EMP04469,22,6,97.03,4,21,37,83.82,6.72,9.59,6.03,7.66,5.32,98.6,11.1,Medium
EMP04470,51,24,88.67,2,36,36,62.41,5.22,6.04,8.36,6.64,5.34,94.0,5.61,Low
EMP04471,32,19,95.17,2,76,46,67.02,5.83,9.53,8.72,9.49,5.07,81.25,1.27,Medium
EMP04472,49,19,81.95,5,23,21,69.08,7.99,8.16,5.56,9.39,8.96,62.53,4.83,Medium
EMP04473,33,4,80.8,3,45,36,76.3,7.57,5.98,7.72,6.34,7.39,58.71,4.34,Low
EMP04474,47,19,95.06,7,33,58,74.84,8.79,8.68,5.07,8.72,8.75,92.1,3.74,Medium
EMP04475,34,9,88.51,3,27,16,88.89,9.17,5.45,9.64,5.46,5.84,53.64,10.12,Low
EMP04476,29,16,99.91,7,24,28,70.37,6.99,8.46,7.62,5.43,9.21,84.66,5.98,Medium
EMP04477,49,27,81.95,3,24,69,62.28,5.5,9.31,5.18,7.56,5.47,64.74,4.39,Low
EMP04478,51,4,97.11,2,24,30,62.22,8.96,9.75,8.42,5.18,6.61,74.48,4.41,Low
EMP04479,30,6,89.6,4,46,38,60.45,7.77,5.27,9.43,7.17,6.85,86.44,11.91,Low
EMP04480,52,8,96.54,4,24,21,61.52,9.9,5.31,8.69,8.95,6.18,51.82,7.81,Low
EMP04481,42,27,96.34,9,22,18,94.35,8.98,9.65,5.67,9.45,5.69,58.78,1.46,Medium
EMP04482,55,29,98.32,9,57,66,87.89,6.65,8.95,7.7,6.27,8.14,82.36,10.77,Medium
EMP04483,52,24,85.96,0,49,74,99.84,7.14,8.87,8.67,5.38,5.04,95.99,8.99,Medium
EMP04484,46,16,99.0,7,20,51,60.81,6.18,8.71,9.0,8.15,8.96,62.91,3.33,Low
EMP04485,33,5,83.03,7,27,60,93.96,7.56,8.59,5.08,6.32,5.21,57.48,2.25,Low
EMP04486,22,21,81.64,7,32,55,87.84,8.55,8.07,6.42,5.12,9.82,96.24,5.15,Medium
EMP04487,43,22,88.63,9,39,19,85.61,8.06,9.06,9.42,5.66,9.34,93.27,3.29,Medium
EMP04488,58,10,96.57,3,25,16,74.26,6.71,5.17,6.29,9.69,7.07,95.49,8.72,Medium
EMP04489,22,23,89.47,8,69,19,75.07,9.12,8.7,7.36,9.38,5.71,56.24,2.92,Low
EMP04490,22,13,96.59,9,69,17,93.82,5.53,7.91,8.48,9.15,9.35,96.18,6.76,Medium
EMP04491,42,29,94.59,2,67,56,88.54,5.71,9.54,9.93,6.7,8.22,79.07,8.01,Medium
EMP04492,36,26,84.19,6,27,22,86.81,7.02,9.68,7.13,8.57,7.52,83.35,8.36,Medium
EMP04493,38,14,98.98,5,49,40,61.23,8.51,6.21,7.52,9.79,6.6,72.71,9.42,Medium
EMP04494,43,7,81.22,8,68,24,67.37,8.47,8.95,7.79,7.84,7.81,67.77,6.53,Low
EMP04495,59,29,97.97,3,59,48,98.5,6.83,9.78,6.17,6.67,7.08,55.64,3.32,Low
EMP04496,56,20,86.09,3,34,60,78.17,8.48,6.33,6.84,9.0,7.33,61.18,4.73,Medium
EMP04497,37,6,90.0,5,77,73,91.26,5.3,9.26,7.17,7.15,9.23,79.38,5.18,Medium
EMP04498,29,7,88.45,7,29,50,75.57,6.45,7.93,5.1,7.89,9.76,65.84,8.56,Medium
EMP04499,38,5,83.44,2,52,67,90.57,8.47,6.97,5.04,7.71,9.81,55.98,7.88,Medium
EMP04500,38,21,87.16,7,28,26,64.77,5.92,9.12,6.12,6.09,9.54,85.48,6.45,Medium
EMP04501,47,18,83.86,7,68,34,61.69,6.06,9.35,7.56,5.0,9.01,76.43,6.21,Low
EMP04502,34,23,84.08,6,71,43,78.65,5.43,6.41,9.78,9.99,7.27,52.05,1.66,Low
EMP04503,38,12,83.74,6,76,28,83.67,6.82,8.97,9.86,7.08,5.44,83.63,8.59,Low
EMP04504,59,6,89.78,4,52,62,72.95,9.12,5.25,8.24,6.42,8.15,93.08,9.85,Medium
EMP04505,38,27,95.96,1,28,19,88.64,9.18,7.09,9.14,8.83,7.01,88.79,10.77,Medium
EMP04506,35,1,91.38,1,33,72,79.83,9.31,5.35,9.5,7.96,8.44,96.23,1.22,Medium
EMP04507,27,4,97.86,9,75,62,97.13,5.18,6.47,9.2,9.4,6.1,66.89,10.62,Medium
EMP04508,56,19,92.73,7,51,41,63.4,9.97,9.75,7.72,8.91,8.82,54.4,10.64,Medium
EMP04509,35,12,93.79,5,56,18,62.66,7.51,8.67,8.52,6.41,5.85,85.71,8.29,Low
EMP04510,29,15,93.35,7,25,43,96.2,9.36,8.78,5.02,7.96,9.04,95.1,4.06,High
EMP04511,36,3,88.99,2,24,17,86.76,9.53,5.67,8.24,7.51,9.56,65.95,10.82,Medium
EMP04512,48,23,93.79,0,23,47,86.84,7.57,7.89,7.13,9.78,9.5,63.27,4.82,Medium
EMP04513,34,27,81.39,5,79,44,61.1,5.26,6.94,8.22,6.2,6.73,85.74,7.39,Low
EMP04514,52,28,97.2,1,67,50,97.51,7.99,8.67,8.47,6.42,6.95,86.41,5.85,Medium
EMP04515,56,26,95.56,8,35,23,90.87,6.67,5.79,5.49,9.6,9.19,91.48,10.75,Medium
EMP04516,27,20,84.9,4,29,15,90.57,6.03,6.41,9.37,7.29,8.46,87.29,3.84,Medium
EMP04517,26,28,95.36,4,50,62,96.48,5.91,9.49,5.88,7.29,7.63,70.02,4.64,Medium
EMP04518,43,8,80.25,9,50,37,83.13,7.8,5.85,5.05,9.34,9.8,71.15,5.49,Medium
EMP04519,44,11,84.34,7,33,17,75.79,5.52,8.16,7.15,6.48,7.58,90.23,10.4,Low
EMP04520,46,16,81.3,5,32,46,79.23,9.11,6.58,5.45,8.48,6.22,63.36,4.5,Medium
EMP04521,55,9,95.6,2,79,38,91.09,6.14,5.41,9.78,8.61,8.4,55.44,4.17,Medium
EMP04522,47,3,95.12,8,23,20,90.75,7.75,6.12,6.42,7.21,7.56,60.9,9.76,Low
EMP04523,26,5,96.27,9,65,27,84.38,5.63,9.35,6.12,6.67,6.02,75.27,5.26,Low
EMP04524,47,20,80.09,3,45,63,68.72,9.3,9.55,6.31,8.73,5.76,78.52,8.31,Medium
EMP04525,41,14,90.02,9,43,29,92.76,8.46,7.1,6.42,6.28,6.78,53.53,10.63,Low
EMP04526,27,28,94.1,3,75,72,85.89,6.03,8.1,5.31,9.1,9.85,65.17,3.48,Medium
EMP04527,27,26,83.11,1,28,67,68.85,8.58,7.6,7.7,7.08,5.73,87.46,6.11,Medium
EMP04528,39,15,93.0,2,54,44,79.23,5.41,6.4,5.09,5.09,7.36,93.12,6.36,Low
EMP04529,25,6,81.68,3,61,26,99.89,8.86,6.72,8.73,7.85,6.63,56.5,7.25,Low
EMP04530,38,27,83.63,6,34,54,73.14,7.45,7.63,8.84,5.97,9.72,75.94,11.1,Low
EMP04531,35,26,89.52,2,43,73,64.66,5.6,8.48,7.0,7.33,6.89,57.49,11.79,Low
EMP04532,35,4,93.07,7,50,62,60.87,7.75,6.75,9.85,9.04,6.13,86.1,9.81,Medium
EMP04533,34,8,82.92,7,38,49,67.39,6.0,8.49,8.91,5.95,7.39,57.85,1.33,Low
EMP04534,28,19,83.7,9,21,42,67.48,8.36,9.8,5.62,6.04,5.77,54.83,2.29,Low
EMP04535,36,27,84.09,1,21,74,94.32,8.54,5.12,9.9,7.37,6.9,72.04,2.29,Medium
EMP04536,40,5,84.77,3,60,18,66.25,8.8,5.82,9.23,7.38,8.66,54.74,6.85,Low
EMP04537,56,13,84.53,7,55,21,94.51,9.47,9.58,8.52,7.27,8.0,90.8,1.47,Medium
EMP04538,38,16,87.9,0,56,61,63.47,8.27,5.36,8.27,8.47,5.05,91.34,6.63,Medium
EMP04539,56,1,93.08,0,53,57,96.27,7.46,8.83,8.02,6.35,7.49,75.59,9.27,Medium
EMP04540,40,13,88.76,3,76,30,70.25,9.27,8.12,9.95,6.3,9.07,78.62,4.32,Medium
EMP04541,41,22,95.52,1,58,36,84.46,9.5,5.24,7.39,5.11,7.81,56.63,6.16,Low
EMP04542,57,11,94.39,0,38,60,66.39,8.91,5.0,5.83,6.91,7.35,63.83,2.06,Low
EMP04543,56,21,82.53,7,57,69,75.6,9.71,7.51,6.47,5.98,7.08,56.05,1.76,Low
EMP04544,53,8,80.98,1,42,59,63.43,9.9,5.59,6.88,7.96,7.68,60.72,6.87,Low
EMP04545,45,25,97.56,3,35,55,83.18,6.26,9.36,6.58,5.91,5.37,69.73,1.13,Low
EMP04546,38,8,81.6,2,65,39,73.84,5.92,7.4,5.15,9.47,9.0,84.09,8.74,Medium
EMP04547,28,24,82.97,1,63,64,94.09,7.24,6.17,5.37,9.25,9.28,86.4,2.56,Medium
EMP04548,22,28,80.44,7,25,17,67.27,9.98,5.84,5.02,8.83,7.96,72.22,10.84,Medium
EMP04549,56,14,92.57,2,77,66,71.2,5.44,9.18,8.4,9.04,9.89,64.65,10.35,Medium
EMP04550,53,13,91.65,8,78,36,67.09,8.56,8.59,8.32,9.8,7.78,90.48,3.49,Medium
EMP04551,57,3,99.74,9,45,45,82.55,9.25,8.59,5.34,6.6,5.14,71.88,3.59,Low
EMP04552,34,4,97.74,4,41,51,64.47,9.98,5.43,6.58,9.9,7.32,78.03,1.4,Medium
EMP04553,27,27,88.22,8,64,36,67.57,8.1,8.12,6.42,9.45,7.0,63.34,11.82,Low
EMP04554,35,20,87.43,2,66,41,87.14,6.9,9.35,7.27,6.81,5.97,53.33,1.61,Low
EMP04555,58,15,85.94,4,43,70,62.98,5.83,8.83,6.79,9.32,7.67,58.23,6.28,Low
EMP04556,36,15,83.05,9,65,16,89.73,9.91,5.59,9.1,9.49,7.27,85.66,10.34,Medium
EMP04557,25,27,82.76,5,59,36,64.17,9.62,9.75,9.41,5.18,5.86,63.83,2.76,Low
EMP04558,37,21,82.65,8,40,71,83.42,9.02,5.35,6.03,9.38,7.53,56.32,9.48,Medium
EMP04559,49,13,82.28,7,49,67,99.91,9.72,7.78,5.6,7.17,9.17,82.1,2.86,Medium
EMP04560,37,9,84.81,1,71,31,66.96,5.3,9.73,9.2,9.06,7.55,73.9,4.35,Medium
EMP04561,25,28,86.13,1,30,62,70.44,8.16,9.11,7.51,5.56,6.09,51.16,3.81,Low
EMP04562,47,25,99.23,4,72,70,95.94,6.37,8.4,6.62,5.86,8.43,99.54,1.52,Medium
EMP04563,49,10,91.57,4,28,34,85.05,8.83,9.28,5.26,9.89,9.35,69.11,2.35,Medium
EMP04564,53,29,99.75,4,31,38,79.7,5.48,8.37,8.03,7.08,6.73,82.76,8.43,Medium
EMP04565,23,12,87.45,3,45,59,82.51,6.29,5.27,6.04,8.99,5.36,99.18,1.95,Medium
EMP04566,52,14,89.15,7,57,45,71.82,9.25,6.75,5.19,8.75,9.57,81.73,11.73,Medium
EMP04567,24,1,86.49,4,70,66,94.21,8.75,7.14,7.22,8.93,8.41,65.58,3.87,Medium
EMP04568,29,14,83.66,0,22,57,89.81,9.96,7.73,7.99,8.82,9.96,74.42,2.21,Medium
EMP04569,45,14,82.86,9,52,22,85.7,8.22,6.15,5.86,9.57,8.47,55.14,5.1,Medium
EMP04570,36,8,98.9,4,34,71,97.27,6.52,9.41,8.26,7.96,5.62,58.46,4.04,Low
EMP04571,52,16,99.74,0,66,67,83.12,7.74,6.14,5.94,7.13,7.17,65.58,1.86,Medium
EMP04572,30,14,80.9,3,24,19,80.48,9.72,8.29,5.1,9.63,5.21,54.24,8.22,Low
EMP04573,23,1,83.01,0,73,16,99.03,8.26,9.38,5.74,6.78,6.71,55.68,9.55,Low
EMP04574,29,16,88.47,5,43,71,68.24,9.41,8.66,7.93,8.15,8.93,91.98,1.02,Medium
EMP04575,28,18,83.73,5,30,73,65.68,5.11,5.68,8.18,9.28,7.78,62.48,7.29,Low
EMP04576,37,7,87.28,0,76,18,66.49,6.85,9.76,9.32,9.58,7.29,66.13,8.1,Medium
EMP04577,56,15,82.58,7,74,49,99.58,9.68,5.46,5.31,9.75,9.24,58.68,11.82,Medium
EMP04578,51,24,89.13,3,52,48,86.09,5.2,6.0,9.76,8.3,5.89,70.21,8.26,Low
EMP04579,31,17,85.43,1,42,17,72.24,7.6,5.7,7.61,8.6,7.69,84.89,4.29,Medium
EMP04580,59,19,87.04,0,29,62,69.96,6.73,8.33,6.23,7.49,8.24,97.27,8.36,Medium
EMP04581,39,23,81.89,2,76,34,62.27,8.23,9.04,6.83,6.42,9.63,76.94,4.05,Medium
EMP04582,26,13,88.56,6,71,23,65.28,5.81,6.19,5.28,5.08,5.82,65.01,2.54,Low
EMP04583,50,9,99.67,9,62,20,96.33,8.27,9.9,5.55,6.11,8.53,75.49,9.16,Medium
EMP04584,55,24,86.58,9,47,72,89.89,9.96,5.7,9.41,9.9,5.23,56.38,6.32,Medium
EMP04585,44,24,97.53,7,58,61,97.66,6.36,6.58,5.53,9.03,7.84,83.86,11.47,Medium
EMP04586,26,15,96.86,4,76,19,76.95,7.31,7.45,5.28,7.4,8.22,66.42,1.68,Medium
EMP04587,51,25,99.04,6,36,55,84.05,5.15,9.04,7.99,6.72,9.2,97.24,6.27,Medium
EMP04588,27,26,95.8,1,63,70,79.35,7.17,6.88,6.91,5.32,6.62,82.93,3.76,Low
EMP04589,25,3,93.19,3,45,52,95.26,7.03,5.9,7.03,5.05,8.48,73.81,6.55,Medium
EMP04590,50,24,97.13,5,44,49,99.66,7.82,7.32,5.6,8.78,5.46,61.53,1.47,Medium
EMP04591,44,1,81.51,4,55,69,97.31,6.28,7.38,5.22,9.93,6.11,54.6,1.45,Medium
EMP04592,27,16,89.26,5,31,45,83.92,6.64,5.08,9.33,6.27,8.87,59.41,6.9,Low
EMP04593,53,8,99.79,1,75,27,62.47,8.05,5.1,6.95,6.37,9.46,78.5,4.89,Medium
EMP04594,39,29,95.39,6,22,40,84.7,9.54,6.39,5.55,9.67,5.08,75.98,1.25,Medium
EMP04595,36,23,99.24,7,69,36,63.88,6.18,8.71,6.0,8.01,5.83,50.47,7.7,Low
EMP04596,53,13,95.59,8,48,46,65.55,8.39,6.83,5.51,5.87,6.05,87.2,5.88,Low
EMP04597,30,8,97.5,5,63,74,67.65,7.62,6.06,7.39,5.23,7.6,52.01,11.75,Low
EMP04598,58,17,94.13,6,75,29,74.54,5.52,5.56,9.02,7.82,5.77,53.9,10.16,Low
EMP04599,31,22,95.21,0,43,25,83.67,7.83,6.4,6.97,7.26,9.88,85.59,9.03,Medium
EMP04600,41,23,90.46,8,38,30,73.34,8.54,7.41,8.1,7.16,6.94,82.31,6.27,Medium
EMP04601,27,14,98.48,5,32,61,78.09,7.99,5.47,8.38,9.85,5.71,60.77,6.33,Medium
EMP04602,24,27,96.5,3,35,70,61.89,5.52,5.07,8.56,6.31,8.87,83.14,11.34,Low
EMP04603,32,21,96.88,9,59,74,84.79,9.27,5.64,8.03,7.44,7.81,50.95,9.05,Low
EMP04604,38,21,93.46,8,46,20,86.28,5.21,8.69,7.77,6.07,9.57,63.9,1.99,Low
EMP04605,53,7,86.09,0,78,60,63.98,6.18,7.33,7.39,6.61,9.68,87.98,5.79,Medium
EMP04606,25,27,80.71,1,25,25,91.4,8.08,7.23,7.37,8.83,9.28,73.74,5.6,Medium
EMP04607,25,15,98.71,2,61,72,85.9,6.09,5.1,6.66,5.99,7.82,92.78,2.24,Medium
EMP04608,38,16,91.72,0,76,66,79.59,5.51,8.55,7.52,8.38,6.11,57.18,10.3,Low
EMP04609,40,19,85.96,1,29,24,82.11,7.56,6.01,7.4,5.65,7.14,93.13,4.1,Medium
EMP04610,26,6,82.98,1,57,30,80.12,8.61,5.45,6.6,5.95,7.41,74.31,5.11,Low
EMP04611,53,23,96.59,6,27,26,62.15,7.05,9.21,6.51,5.12,9.88,55.07,11.78,Low
EMP04612,43,1,96.73,9,37,21,89.41,8.49,7.43,7.23,8.15,6.26,52.33,8.5,Low
EMP04613,27,12,96.29,5,51,53,80.47,9.3,8.74,9.02,9.95,7.17,50.06,9.86,Medium
EMP04614,56,18,92.9,8,36,41,66.91,9.79,9.11,6.24,8.28,7.81,81.85,2.16,Medium
EMP04615,43,16,87.32,4,77,38,87.23,6.17,9.82,9.23,9.62,6.96,61.1,6.94,Medium
EMP04616,22,12,86.08,8,61,64,87.8,8.03,8.12,8.62,7.63,5.6,57.3,8.87,Low
EMP04617,41,20,80.17,9,21,29,68.54,6.33,5.34,6.31,8.4,9.45,80.07,9.95,Medium
EMP04618,43,13,96.67,8,63,73,91.86,9.35,7.79,5.07,9.63,9.01,70.46,10.73,Medium
EMP04619,32,8,81.75,1,39,20,78.26,9.45,7.55,5.38,5.43,6.28,72.48,1.99,Low
EMP04620,34,27,92.62,8,29,33,67.22,6.61,5.29,9.41,7.99,7.24,56.7,9.13,Low
EMP04621,24,29,90.08,2,28,22,86.3,8.23,6.53,9.03,7.88,8.68,62.66,2.08,Medium
EMP04622,30,26,90.53,2,67,66,83.87,9.44,7.06,6.9,5.17,9.87,54.95,5.45,Low
EMP04623,33,22,98.53,8,58,61,66.82,7.54,5.8,5.31,5.78,5.84,66.75,5.91,Low
EMP04624,44,1,80.63,6,60,50,94.89,8.6,5.04,9.06,7.76,8.19,65.43,4.15,Medium
EMP04625,35,26,95.47,7,44,64,94.18,9.0,8.78,6.28,7.49,9.09,88.88,10.5,Medium
EMP04626,54,21,81.04,6,44,27,93.45,9.36,9.26,9.77,6.72,5.13,99.34,7.45,Medium
EMP04627,39,7,80.76,8,43,68,75.97,7.58,6.15,7.61,8.49,9.05,99.96,2.55,Medium
EMP04628,30,15,88.6,7,25,68,92.98,9.71,5.02,8.58,6.8,8.95,69.3,5.1,Medium
EMP04629,44,29,81.26,3,49,47,93.79,8.14,9.45,7.31,8.84,9.62,89.65,1.87,Medium
EMP04630,31,22,95.78,1,78,46,99.86,5.76,5.67,5.14,9.05,5.42,63.96,6.44,Medium
EMP04631,40,13,90.59,4,29,42,98.3,8.06,7.02,5.32,8.22,5.62,57.15,4.9,Low
EMP04632,26,13,80.58,1,58,54,75.31,6.49,6.83,9.88,6.39,7.59,82.0,4.54,Low
EMP04633,44,28,80.81,3,50,65,67.93,6.86,5.82,7.06,9.01,9.36,73.84,10.28,Medium
EMP04634,51,9,92.25,1,37,63,71.7,9.04,7.99,5.92,6.26,9.37,79.68,10.35,Medium
EMP04635,46,24,96.12,4,62,24,79.79,9.87,9.59,8.6,6.52,8.5,68.31,8.47,Medium
EMP04636,49,15,88.76,5,52,47,92.22,9.35,7.57,9.41,8.04,7.24,65.1,11.11,Medium
EMP04637,55,4,91.09,0,72,15,88.92,6.63,9.86,6.33,8.45,6.16,96.39,8.2,Medium
EMP04638,46,13,96.0,7,75,35,91.51,7.27,5.95,7.86,6.86,7.37,94.18,7.81,Medium
EMP04639,31,27,92.21,1,38,19,75.2,9.92,9.24,6.23,7.96,6.09,56.19,2.03,Low
EMP04640,35,12,84.5,4,42,15,69.88,9.62,6.28,9.11,6.24,8.87,82.62,1.11,Medium
EMP04641,51,5,92.26,7,24,67,60.97,9.88,6.25,5.43,8.97,7.11,67.89,3.31,Medium
EMP04642,46,7,92.57,4,79,69,85.05,7.16,5.59,6.86,9.96,7.7,78.38,9.65,Medium
EMP04643,35,8,94.68,2,45,35,91.8,9.0,9.32,6.9,8.49,8.4,60.36,11.22,Medium
EMP04644,56,5,92.42,5,48,39,95.57,9.36,8.63,8.18,6.6,7.63,86.18,3.53,Medium
EMP04645,55,9,99.38,0,43,34,79.05,5.22,6.71,5.89,6.74,8.78,65.49,2.85,Low
EMP04646,31,14,83.95,0,25,59,97.11,6.33,6.75,7.38,5.15,8.93,84.43,10.19,Medium
EMP04647,56,26,99.02,7,73,23,68.1,9.42,9.22,7.76,8.23,6.21,57.16,5.18,Low
EMP04648,32,12,90.77,6,58,30,80.58,6.94,9.64,9.45,8.0,6.49,56.68,11.76,Low
EMP04649,32,4,93.44,9,74,42,68.55,6.39,8.01,7.63,9.77,5.3,67.38,11.57,Low
EMP04650,42,20,81.99,9,23,54,67.52,6.36,7.03,5.66,7.01,5.45,99.86,4.68,Medium
EMP04651,42,29,87.61,2,77,60,98.14,6.88,5.27,5.51,9.66,9.15,93.05,7.16,Medium
EMP04652,43,8,95.39,7,67,63,92.71,6.22,5.63,9.62,8.8,6.07,81.04,8.48,Medium
EMP04653,28,17,94.14,7,79,50,60.47,5.02,5.71,9.9,6.44,9.17,65.44,8.04,Low
EMP04654,38,8,80.8,0,61,53,70.74,5.86,6.38,5.84,5.08,9.93,58.2,11.73,Low
EMP04655,23,21,90.93,9,45,63,68.21,9.41,6.29,8.76,8.63,6.21,87.2,4.95,Medium
EMP04656,33,29,81.77,6,34,74,65.89,5.38,7.71,6.25,7.48,7.3,60.21,8.98,Low
EMP04657,39,27,99.92,1,32,38,87.9,7.07,9.72,9.16,9.81,7.69,70.57,7.39,Medium
EMP04658,32,1,97.95,1,59,30,82.67,7.28,9.31,5.48,5.11,9.71,76.46,6.73,Medium
EMP04659,37,20,80.42,1,41,28,78.16,8.89,7.55,7.19,7.61,5.89,54.63,2.63,Low
EMP04660,39,2,97.17,4,78,62,67.58,6.26,5.09,7.98,8.94,9.18,88.97,9.29,Medium
EMP04661,56,4,98.39,6,32,73,71.1,6.55,5.34,9.26,8.95,9.79,97.06,5.37,Medium
EMP04662,47,24,87.07,3,75,48,74.24,5.07,9.3,9.28,8.36,7.77,57.33,2.42,Low
EMP04663,37,21,94.39,3,58,38,91.42,9.51,6.42,5.92,6.97,5.76,93.38,1.13,Medium
EMP04664,27,1,88.84,8,36,61,99.57,8.43,6.59,9.84,5.34,6.67,74.24,2.63,Medium
EMP04665,33,7,93.1,9,55,25,67.36,6.31,5.7,8.19,6.51,9.8,56.79,8.59,Low
EMP04666,34,1,86.81,8,58,59,73.66,9.44,6.12,8.29,8.26,5.84,80.39,9.24,Medium
EMP04667,25,9,86.45,6,67,50,71.21,5.43,6.24,9.44,8.86,7.44,96.51,1.5,Medium
EMP04668,23,3,88.49,9,44,70,61.76,6.84,7.06,6.6,9.09,5.95,97.87,2.7,Medium
EMP04669,47,12,82.91,3,53,15,68.77,7.82,8.12,7.08,8.87,9.52,85.99,11.99,Medium
EMP04670,48,19,96.62,7,40,61,96.06,7.53,6.77,9.92,6.62,7.95,74.68,5.55,Medium
EMP04671,48,15,86.97,9,44,26,93.71,8.27,7.25,5.08,8.47,9.62,59.33,10.85,Medium
EMP04672,36,22,88.0,2,44,35,66.7,6.49,5.91,9.34,9.85,9.73,80.0,5.47,Medium
EMP04673,29,16,97.88,2,41,23,74.65,8.79,5.28,9.21,5.68,7.44,80.67,6.82,Medium
EMP04674,28,10,89.93,6,42,53,72.43,7.03,6.74,6.31,8.66,9.69,55.55,10.63,Low
EMP04675,33,22,90.89,8,44,17,65.91,5.63,5.31,9.11,7.05,5.0,62.69,11.89,Low
EMP04676,34,29,99.13,3,33,30,84.89,8.7,6.5,6.65,6.12,5.96,65.37,1.78,Low
EMP04677,38,27,97.73,3,33,18,82.29,9.56,9.19,8.14,6.6,8.67,92.98,7.95,Medium
EMP04678,38,27,83.39,0,45,40,77.08,6.82,6.83,7.23,5.83,7.63,79.17,6.15,Low
EMP04679,57,6,89.46,0,59,69,94.22,7.95,5.97,5.51,9.08,9.95,62.2,6.93,Medium
EMP04680,42,29,99.43,2,49,60,84.79,8.44,9.51,9.48,6.94,8.92,65.5,3.22,Medium
EMP04681,29,17,87.45,6,45,68,70.37,9.16,8.2,7.73,9.69,8.32,57.29,10.84,Medium
EMP04682,26,21,87.43,8,57,27,74.95,5.99,9.94,7.41,9.83,9.56,52.21,4.15,Medium
EMP04683,47,28,83.9,3,41,34,66.01,7.85,6.5,9.4,9.83,6.69,75.49,2.53,Medium
EMP04684,37,22,82.29,1,58,33,83.65,8.7,6.0,6.64,5.78,5.84,51.59,8.8,Low
EMP04685,57,24,94.81,5,58,41,83.47,6.0,6.49,7.85,6.73,7.74,99.6,11.78,Medium
EMP04686,49,29,95.4,5,53,16,94.81,7.36,9.06,9.41,6.55,6.19,88.62,3.64,Medium
EMP04687,50,17,99.38,8,44,24,94.23,7.32,5.76,6.71,9.61,6.16,88.89,6.16,Medium
EMP04688,33,21,95.47,3,55,74,93.48,9.2,6.21,8.97,5.43,6.53,87.73,1.71,Medium
EMP04689,58,19,84.87,7,32,39,81.96,8.89,8.51,7.57,7.94,8.38,82.06,4.67,Medium
EMP04690,51,18,80.8,2,48,33,86.08,6.16,8.69,5.79,7.43,5.12,53.5,9.86,Low
EMP04691,44,11,99.71,1,61,29,91.02,6.16,9.79,5.2,9.88,9.25,72.8,10.7,Medium
EMP04692,37,24,86.81,8,28,53,63.67,8.62,9.9,8.63,9.82,8.06,63.95,3.58,Medium
EMP04693,35,7,86.24,5,34,61,72.02,8.7,8.32,6.31,7.12,6.52,64.91,7.02,Low
EMP04694,31,10,98.12,7,50,63,66.76,5.89,6.81,9.08,7.21,5.57,68.54,9.63,Low
EMP04695,28,7,91.7,9,63,38,80.46,7.06,7.27,5.94,6.92,8.95,66.03,1.2,Medium
EMP04696,58,5,84.3,8,46,30,93.51,9.13,7.2,7.84,8.95,7.18,83.11,3.34,Medium
EMP04697,50,12,97.78,0,50,31,69.23,5.4,6.94,5.47,5.5,7.18,50.37,1.41,Low
EMP04698,24,16,99.87,0,29,74,89.24,6.87,6.69,8.68,5.58,7.35,68.31,2.4,Low
EMP04699,36,29,81.73,4,70,30,76.23,8.22,5.84,8.83,8.52,7.07,97.22,2.95,Medium
EMP04700,57,25,97.25,8,72,32,96.12,8.86,6.83,9.58,5.08,7.57,62.89,1.33,Low
EMP04701,40,21,87.81,6,56,63,85.07,8.26,9.85,7.81,8.36,8.15,81.07,5.82,Medium
EMP04702,34,18,90.48,6,26,18,99.06,6.99,9.41,5.53,5.64,7.16,78.02,5.54,Medium
EMP04703,42,3,98.3,1,79,16,69.83,9.96,8.09,9.14,8.93,9.86,74.46,4.21,Medium
EMP04704,58,20,99.47,2,51,63,96.96,5.21,5.96,6.57,8.7,6.99,56.11,4.5,Medium
EMP04705,48,15,85.24,3,71,63,74.28,7.47,9.39,9.5,5.91,6.07,91.79,6.91,Low
EMP04706,50,5,84.26,1,30,45,84.88,7.55,6.56,9.89,8.78,9.9,78.36,9.85,Medium
EMP04707,41,13,81.61,9,67,16,66.98,6.2,7.73,5.66,8.95,6.48,76.93,11.73,Low
EMP04708,46,19,91.24,8,64,68,90.39,7.79,9.56,5.41,9.63,8.1,97.46,9.99,Medium
EMP04709,27,12,80.27,4,47,16,99.13,6.1,6.67,9.49,8.62,9.14,54.14,5.29,Medium
EMP04710,57,23,88.24,6,23,29,91.5,7.22,9.57,9.49,9.34,5.02,74.58,10.63,Medium
EMP04711,23,21,81.47,8,67,74,84.63,7.16,6.18,7.93,8.19,6.41,85.3,10.07,Medium
EMP04712,43,5,88.1,4,64,74,77.93,8.87,9.64,9.44,8.13,7.66,89.86,11.03,Medium
EMP04713,53,6,80.8,5,50,62,73.81,9.71,6.79,9.65,8.38,7.28,50.04,1.72,Low
EMP04714,37,7,96.7,3,48,57,76.76,6.01,6.87,7.78,7.03,5.36,84.11,4.89,Low
EMP04715,39,26,84.19,7,52,43,73.13,9.96,7.77,8.43,6.14,7.24,97.79,1.51,Medium
EMP04716,26,10,86.57,0,73,48,93.31,9.7,6.74,8.07,7.07,5.53,86.51,4.54,Medium
EMP04717,57,16,97.4,0,23,54,95.72,5.56,7.25,5.87,7.97,6.25,70.95,4.09,Medium
EMP04718,51,8,94.93,4,78,46,97.99,9.56,7.51,7.18,8.45,8.74,93.8,11.01,Medium
EMP04719,40,9,84.38,9,66,35,76.73,7.82,7.46,8.41,7.28,5.89,93.93,11.39,Medium
EMP04720,44,27,81.44,8,77,44,81.85,9.39,9.81,8.05,6.65,8.33,84.41,8.65,Medium
EMP04721,55,4,94.31,1,45,38,83.08,9.73,6.41,6.08,6.23,9.86,83.3,4.11,Medium
EMP04722,34,21,87.81,2,72,58,86.04,9.29,6.42,9.55,5.92,6.23,67.22,1.08,Low
EMP04723,50,21,95.32,7,50,28,60.1,7.01,9.19,8.92,7.38,6.3,62.13,8.38,Low
EMP04724,57,8,88.91,4,50,42,93.71,8.18,6.96,5.34,8.53,9.77,81.49,6.49,Medium
EMP04725,43,25,86.92,2,46,28,70.73,7.32,5.37,6.72,9.15,8.33,50.39,3.28,Low
EMP04726,57,7,89.02,5,44,70,78.89,6.83,7.41,9.98,6.73,8.85,92.15,2.93,Medium
EMP04727,30,15,94.97,5,67,58,93.66,6.25,7.75,6.95,8.06,8.96,95.13,7.16,Medium
EMP04728,40,21,98.04,4,55,48,99.87,7.21,8.09,8.32,7.39,8.65,58.2,2.43,Medium
EMP04729,59,3,81.0,4,68,28,91.8,9.03,6.18,5.5,9.83,9.88,78.63,7.04,Medium
EMP04730,27,17,90.48,5,50,69,60.99,9.22,9.87,6.55,9.41,6.37,58.91,11.08,Low
EMP04731,36,11,80.66,1,62,39,74.75,9.79,8.69,9.41,9.41,7.59,74.73,9.71,Medium
EMP04732,41,9,89.37,5,76,26,69.89,6.45,8.6,7.55,7.9,8.32,81.92,11.36,Medium
EMP04733,30,5,97.71,1,56,70,98.57,8.25,9.36,9.13,7.18,8.54,69.53,3.73,Medium
EMP04734,53,25,87.23,2,77,55,70.57,8.47,5.13,5.04,8.26,5.96,94.74,11.47,Medium
EMP04735,25,10,98.65,1,64,54,97.73,5.96,8.07,8.33,5.8,9.38,94.56,6.23,Medium
EMP04736,39,15,92.61,0,63,34,97.5,6.83,9.09,6.5,9.41,9.07,76.54,7.94,Medium
EMP04737,26,28,98.68,0,78,62,93.58,6.71,5.17,9.3,6.36,6.32,79.02,4.23,Medium
EMP04738,41,29,95.14,8,42,56,63.92,9.93,8.78,9.72,9.13,7.72,50.14,11.94,Low
EMP04739,44,14,82.07,3,54,21,60.08,9.79,9.95,8.44,6.49,6.47,66.9,5.82,Low
EMP04740,32,4,84.62,4,23,29,91.76,9.11,7.97,5.73,7.61,6.83,88.04,3.06,Medium
EMP04741,58,21,87.88,9,47,71,93.73,7.36,7.12,7.34,8.86,7.67,99.7,7.31,Medium
EMP04742,43,20,83.4,6,61,23,98.49,6.32,7.27,7.32,6.97,7.7,97.26,3.81,Medium
EMP04743,25,2,89.9,1,60,18,68.74,9.58,8.4,9.15,6.79,7.66,54.73,5.8,Low
EMP04744,50,12,89.43,9,61,45,89.33,6.34,7.85,7.3,9.44,7.72,70.86,3.29,Medium
EMP04745,55,1,99.13,8,32,37,80.76,7.61,8.94,6.66,5.34,8.18,52.73,5.25,Low
EMP04746,34,24,88.67,3,20,20,73.14,6.23,7.11,8.06,9.21,5.08,91.87,2.02,Medium
EMP04747,30,20,95.71,9,31,42,84.25,9.86,7.09,8.24,9.64,5.7,86.5,4.13,Medium
EMP04748,52,5,98.84,9,62,26,81.93,5.21,8.73,9.05,7.82,7.35,96.09,3.74,Medium
EMP04749,28,6,97.54,0,72,61,71.69,5.87,8.23,9.5,8.48,8.54,75.09,11.43,Medium
EMP04750,25,24,84.17,7,59,65,70.74,8.83,8.89,9.45,9.31,7.55,55.16,7.52,Low
EMP04751,40,11,89.92,3,45,72,79.46,5.76,9.44,8.13,7.18,8.14,79.2,1.29,Medium
EMP04752,51,8,86.95,6,74,36,78.96,9.9,6.32,7.62,9.39,9.85,93.36,11.05,Medium
EMP04753,52,7,88.0,2,65,38,72.08,6.61,6.58,9.01,6.86,8.65,52.5,8.09,Low
EMP04754,56,4,87.22,8,65,48,70.55,9.59,7.63,6.53,6.53,9.7,90.74,4.71,Medium
EMP04755,42,6,96.53,4,71,74,98.17,8.31,9.65,8.79,9.92,5.1,81.18,5.03,Medium
EMP04756,52,16,89.04,4,42,33,94.49,8.17,9.17,7.53,5.16,7.24,56.61,1.35,Low
EMP04757,40,20,90.47,2,68,38,92.67,9.58,7.34,5.62,6.6,6.77,82.96,11.72,Medium
EMP04758,52,15,99.65,8,41,34,68.57,7.57,7.87,8.76,7.29,8.53,53.1,10.47,Low
EMP04759,53,14,81.2,2,76,66,67.57,7.0,8.56,8.24,6.55,9.65,58.72,1.72,Low
EMP04760,23,23,89.76,1,70,48,92.37,6.09,7.61,5.41,6.41,5.2,52.92,8.5,Low
EMP04761,31,12,95.48,8,71,61,67.39,5.72,5.49,7.25,6.85,5.29,79.22,5.94,Low
EMP04762,23,29,83.02,8,75,41,80.14,8.96,6.76,7.43,6.99,8.36,64.39,9.89,Low
EMP04763,23,12,92.23,9,47,72,68.86,5.64,5.24,8.27,5.36,6.73,64.42,7.86,Low
EMP04764,45,16,84.79,3,72,58,75.12,6.97,8.35,8.39,8.88,6.02,82.32,5.54,Medium
EMP04765,38,15,97.35,3,72,43,94.14,7.05,6.69,5.95,5.84,9.77,55.5,5.8,Low
EMP04766,53,29,86.54,9,36,15,95.66,8.32,8.69,5.17,5.21,5.07,81.66,8.17,Low
EMP04767,37,13,86.58,5,25,69,99.87,6.39,7.15,8.97,7.95,6.37,84.89,8.2,Medium
EMP04768,37,11,91.96,8,33,60,97.76,9.19,5.23,9.91,8.34,6.66,92.87,7.13,Medium
EMP04769,52,17,83.67,7,69,50,86.85,6.04,6.9,9.7,8.8,8.91,83.57,10.73,Medium
EMP04770,45,21,85.7,9,36,68,77.27,8.95,6.09,7.5,5.44,7.81,82.67,9.57,Low
EMP04771,22,15,88.33,2,57,70,62.31,9.25,6.07,7.64,5.86,6.64,82.83,2.31,Low
EMP04772,32,14,87.07,5,24,57,84.33,5.97,6.89,9.65,5.91,5.85,52.06,10.59,Low
EMP04773,42,10,90.5,6,32,53,68.43,9.05,9.89,7.72,7.97,6.09,72.09,3.22,Medium
EMP04774,25,12,91.99,5,67,59,94.01,8.57,9.8,6.39,9.45,5.19,77.56,11.45,Medium
EMP04775,28,16,91.33,2,72,60,81.96,9.37,9.02,8.39,8.53,9.18,83.25,9.88,Medium
EMP04776,47,15,93.08,8,28,21,89.34,7.55,6.23,7.39,6.57,5.59,64.56,11.0,Low
EMP04777,33,10,86.15,3,63,68,86.94,6.17,8.82,8.93,9.27,9.12,83.9,8.44,Medium
EMP04778,52,4,82.53,1,61,57,73.89,9.56,5.08,8.92,8.35,5.7,69.79,8.17,Low
EMP04779,38,27,95.22,8,45,34,90.36,8.95,5.28,9.68,8.44,9.53,85.77,3.74,Medium
EMP04780,54,23,97.02,2,32,34,93.74,5.1,9.18,5.69,9.79,8.39,59.25,7.89,Medium
EMP04781,32,29,85.14,5,38,39,89.77,9.7,7.82,7.61,9.75,6.76,65.23,5.62,Medium
EMP04782,49,9,88.14,4,67,57,91.07,9.74,6.87,8.93,6.93,6.96,97.48,2.69,Medium
EMP04783,53,21,89.97,1,36,35,74.4,6.78,8.7,7.17,8.18,6.42,87.9,4.96,Medium
EMP04784,22,20,90.67,0,35,23,97.75,5.05,5.57,8.13,6.01,6.06,94.93,8.28,Medium
EMP04785,49,9,93.19,8,49,41,76.98,7.76,6.43,9.09,7.06,9.56,60.01,10.63,Low
EMP04786,28,21,80.83,2,51,42,95.88,9.57,8.64,7.37,6.37,5.92,97.14,5.82,Medium
EMP04787,23,25,94.43,6,33,39,94.31,5.62,6.04,7.04,6.84,5.88,87.21,4.19,Medium
EMP04788,45,24,81.24,8,67,50,64.97,7.95,8.0,5.9,8.38,6.8,79.53,2.77,Medium
EMP04789,25,20,89.37,8,75,48,98.65,8.66,7.24,9.12,6.05,9.92,50.64,5.43,Medium
EMP04790,40,11,96.55,9,34,16,99.85,5.67,6.01,8.98,5.9,7.32,52.6,4.13,Low
EMP04791,47,11,89.02,5,31,71,84.25,7.57,9.44,8.72,6.9,6.78,88.62,5.92,Medium
EMP04792,32,7,82.98,7,56,23,91.32,5.44,7.18,6.97,5.49,9.99,83.45,2.11,Medium
EMP04793,32,21,99.7,8,30,33,97.35,7.79,7.99,7.92,9.07,8.7,60.68,9.09,Medium
EMP04794,24,10,97.79,2,24,29,60.8,7.21,6.27,5.62,9.79,9.72,72.06,1.05,Medium
EMP04795,33,4,95.43,5,75,67,97.2,6.32,6.73,6.6,9.01,6.24,82.8,8.7,Medium
EMP04796,24,5,88.23,4,75,35,85.09,9.27,5.24,7.18,7.66,8.77,50.76,4.37,Medium
EMP04797,48,5,83.68,6,30,64,93.14,6.91,7.42,5.22,8.37,9.45,83.86,4.95,Medium
EMP04798,23,11,98.83,6,53,30,81.63,8.5,6.72,5.52,9.03,7.65,70.08,2.88,Medium
EMP04799,37,9,90.65,8,38,16,81.22,8.95,6.65,9.15,5.34,7.12,54.74,11.65,Low
EMP04800,23,28,97.05,0,45,40,95.9,5.89,9.45,9.86,7.09,6.48,58.18,1.58,Low
EMP04801,51,16,86.84,5,45,58,80.3,5.6,8.52,6.61,5.72,7.84,71.33,4.11,Low
EMP04802,41,9,86.71,4,36,43,78.87,5.04,7.29,5.53,5.45,5.96,81.32,2.62,Low
EMP04803,59,22,99.71,3,50,47,84.33,6.53,5.98,9.68,8.79,7.16,67.22,6.3,Medium
EMP04804,49,4,90.44,9,38,48,80.74,9.08,9.87,9.57,9.29,8.41,55.5,7.16,Medium
EMP04805,46,2,82.81,0,63,60,77.85,8.86,5.37,8.27,5.42,8.26,91.32,3.16,Medium
EMP04806,53,14,84.39,3,39,41,67.22,9.36,5.68,6.69,5.89,8.5,75.01,8.21,Low
EMP04807,31,3,89.64,9,78,21,75.9,8.8,6.35,5.56,6.1,7.93,64.15,7.08,Low
EMP04808,54,18,80.85,6,42,63,71.28,5.12,9.77,9.7,9.28,5.01,84.17,10.26,Low
EMP04809,34,21,89.25,3,44,29,76.02,6.93,6.39,9.6,9.57,5.13,66.81,10.97,Low
EMP04810,58,6,88.38,0,47,31,83.73,5.03,7.46,8.72,8.82,7.9,68.09,8.64,Medium
EMP04811,37,11,95.59,9,56,23,84.35,5.18,8.81,9.67,8.98,9.83,63.88,7.93,Medium
EMP04812,43,21,87.1,0,31,27,69.55,7.39,9.65,5.7,6.71,5.97,68.05,7.66,Low
EMP04813,41,18,99.65,0,67,46,63.38,6.8,8.03,5.55,7.04,8.59,63.12,2.84,Low
EMP04814,48,12,83.62,9,20,16,89.78,7.79,6.92,5.96,6.4,7.17,99.12,10.72,Medium
EMP04815,37,5,91.82,4,21,73,81.14,5.33,9.93,6.08,9.79,5.7,62.88,4.96,Low
EMP04816,55,9,81.79,6,29,46,77.68,7.94,5.13,9.14,8.64,5.17,82.35,8.61,Medium
EMP04817,53,20,94.68,8,53,61,65.18,5.33,9.16,9.61,6.71,8.57,59.61,5.85,Low
EMP04818,47,28,99.9,7,51,34,76.59,7.12,6.39,6.08,5.68,5.72,77.84,10.93,Low
EMP04819,46,26,96.38,1,44,57,92.73,6.76,9.09,7.31,5.97,6.49,75.45,5.48,Low
EMP04820,23,18,91.11,8,29,33,83.26,6.12,5.81,7.27,6.02,7.01,77.69,7.16,Low
EMP04821,33,19,89.69,3,74,60,63.64,6.56,6.73,5.89,8.07,8.53,67.82,3.06,Medium
EMP04822,30,3,96.7,9,69,41,73.29,5.0,5.28,9.27,9.51,6.94,93.54,7.09,Medium
EMP04823,33,9,98.72,4,20,50,99.19,6.62,6.0,7.61,9.34,6.93,64.89,3.23,Medium
EMP04824,47,4,99.78,4,51,73,81.78,5.39,8.01,7.83,5.35,8.97,93.57,9.74,Medium
EMP04825,30,17,87.93,3,56,44,71.46,9.61,8.81,6.29,8.55,5.03,70.32,5.04,Medium
EMP04826,31,17,99.82,5,31,25,96.54,5.37,9.56,7.8,5.84,8.77,82.61,5.67,Medium
EMP04827,53,23,83.12,0,68,30,73.44,9.77,5.6,8.96,6.55,7.61,50.5,8.04,Low
EMP04828,55,23,85.07,1,76,69,89.2,7.46,5.7,6.52,7.72,7.71,72.05,1.95,Medium
EMP04829,41,2,81.78,3,70,40,65.89,7.57,9.69,5.57,9.2,6.73,82.48,4.46,Medium
EMP04830,23,9,85.43,3,37,44,66.26,8.94,8.83,7.92,6.18,5.46,64.88,11.27,Low
EMP04831,22,9,95.36,7,49,16,82.45,8.48,7.7,8.18,9.37,5.45,66.07,10.48,Medium
EMP04832,57,5,97.06,8,32,48,69.59,6.19,7.38,6.01,8.67,6.7,69.85,3.54,Medium
EMP04833,45,15,95.58,3,73,55,61.97,5.13,5.79,6.24,8.37,8.6,63.45,6.64,Low
EMP04834,48,15,92.62,5,22,36,97.06,8.89,6.9,5.77,5.66,9.46,80.15,7.42,Medium
EMP04835,23,3,90.28,3,40,73,62.24,5.65,6.86,9.61,7.37,9.06,52.46,4.32,Low
EMP04836,52,19,94.17,3,61,45,88.7,7.99,8.24,6.07,6.38,8.99,91.56,4.82,Medium
EMP04837,35,28,87.82,8,33,69,73.32,9.71,7.99,5.05,7.94,5.03,98.0,11.76,Medium
EMP04838,23,3,96.83,3,59,67,97.34,7.75,5.3,9.2,8.37,5.96,58.28,2.52,Medium
EMP04839,50,6,93.54,5,29,35,99.44,6.43,9.24,9.02,5.33,9.73,61.26,11.02,Low
EMP04840,36,4,93.96,8,21,50,73.42,5.89,9.69,7.28,8.22,9.35,97.44,4.9,Medium
EMP04841,33,24,90.72,2,79,54,83.64,5.13,8.9,8.99,7.49,5.63,58.21,3.63,Low
EMP04842,58,13,97.7,6,64,37,90.92,8.12,5.89,7.25,9.19,8.18,55.32,3.87,Medium
EMP04843,49,27,85.04,6,56,40,64.94,7.79,5.86,6.12,8.97,7.17,89.66,4.12,Medium
EMP04844,41,13,87.62,0,30,32,88.38,7.31,8.63,7.13,7.06,5.04,83.88,4.16,Medium
EMP04845,45,27,95.55,1,75,29,96.25,5.97,7.2,7.43,9.88,9.0,83.99,3.79,Medium
EMP04846,42,11,89.85,4,20,48,67.14,6.18,8.89,5.05,7.93,9.72,61.33,10.27,Low
EMP04847,31,5,97.78,7,45,36,93.55,9.79,5.38,5.57,9.82,9.6,68.8,3.95,Medium
EMP04848,35,1,86.93,5,61,42,64.62,5.1,8.58,9.37,8.6,6.92,57.97,10.48,Low
EMP04849,58,9,87.39,6,78,57,82.73,6.82,7.12,6.96,7.04,8.94,58.08,11.66,Low
EMP04850,39,17,97.77,2,79,63,73.57,5.19,5.15,6.66,6.17,7.49,74.78,4.07,Low
EMP04851,45,22,89.29,5,32,21,78.87,5.96,7.73,9.44,7.33,9.9,83.64,7.22,Medium
EMP04852,35,1,90.32,8,47,54,72.03,9.67,8.5,5.77,9.68,9.82,66.04,6.02,Medium
EMP04853,55,3,86.66,2,55,56,70.42,5.75,7.64,6.08,5.65,8.87,73.77,10.31,Low
EMP04854,33,15,85.53,5,40,38,89.73,8.0,5.61,9.14,7.3,7.36,67.42,4.39,Medium
EMP04855,43,26,93.12,6,29,49,68.92,6.73,9.08,6.4,6.73,9.51,95.74,9.41,Medium
EMP04856,27,21,82.4,4,31,27,76.34,8.17,6.59,8.17,9.34,6.12,85.17,6.23,Medium
EMP04857,57,26,97.59,9,65,69,70.98,9.26,9.61,8.7,9.02,6.07,81.26,7.94,Medium
EMP04858,57,23,95.58,7,46,63,69.55,6.43,9.53,6.11,7.76,7.79,86.52,7.34,Medium
EMP04859,43,10,83.81,7,22,27,85.08,5.39,6.0,6.27,7.08,9.1,63.4,1.69,Low
EMP04860,35,8,93.88,5,47,45,61.82,6.02,7.38,7.58,8.42,5.31,96.49,7.47,Medium
EMP04861,37,12,92.05,6,21,73,91.56,7.2,5.69,8.96,9.77,8.92,59.97,10.1,Medium
EMP04862,57,25,83.69,2,47,33,81.85,7.58,8.39,7.77,5.51,9.75,56.9,4.17,Low
EMP04863,46,22,85.46,6,70,43,93.14,9.71,9.26,5.34,9.49,7.73,95.3,5.43,High
EMP04864,53,15,88.18,6,50,36,68.52,5.08,8.24,6.75,6.47,6.07,63.0,3.26,Low
EMP04865,54,27,93.98,3,62,55,88.38,8.79,6.3,6.65,5.02,8.16,92.42,3.31,Medium
EMP04866,57,9,92.77,9,40,35,76.82,5.36,5.38,9.04,8.71,5.98,64.88,4.38,Low
EMP04867,41,24,90.64,3,26,30,63.07,5.39,5.35,6.45,8.94,6.95,64.72,9.29,Low
EMP04868,39,25,95.37,2,69,44,90.1,8.27,8.05,9.51,6.52,8.5,97.89,6.29,Medium
EMP04869,59,10,95.16,9,50,19,90.49,9.54,9.77,6.67,8.89,6.91,98.26,8.6,Medium
EMP04870,24,20,92.36,6,33,55,70.84,6.44,8.48,5.97,8.99,7.42,98.09,11.29,Medium
EMP04871,44,9,95.74,4,58,74,96.64,6.35,8.65,7.7,8.38,7.73,56.86,9.03,Medium
EMP04872,53,15,86.69,2,73,55,90.56,8.09,6.65,6.93,5.19,6.7,78.58,5.1,Low
EMP04873,37,23,97.62,5,58,20,72.27,8.88,7.93,8.24,8.34,5.38,51.82,6.62,Low
EMP04874,26,21,92.3,5,74,35,69.56,9.34,6.58,9.58,9.66,7.55,84.32,4.06,Medium
EMP04875,25,21,96.45,5,28,56,77.6,6.25,9.51,9.7,8.1,7.44,83.56,1.72,Medium
EMP04876,42,1,90.93,1,42,64,71.71,8.7,5.66,6.14,6.83,7.13,99.62,8.33,Medium
EMP04877,35,2,84.37,9,31,25,68.68,6.54,8.16,5.81,7.82,5.92,93.89,8.28,Medium
EMP04878,52,26,90.85,6,48,38,75.96,7.72,8.65,9.7,9.97,5.26,60.91,10.42,Low
EMP04879,35,19,87.42,6,57,42,61.03,5.95,8.49,9.06,7.36,9.13,72.19,2.76,Low
EMP04880,27,14,93.95,9,77,70,76.06,5.73,6.29,6.31,9.21,7.66,62.86,10.73,Low
EMP04881,33,8,89.52,3,75,29,68.87,9.68,7.43,9.02,5.69,9.9,52.39,9.74,Low
EMP04882,37,6,96.72,5,58,53,70.57,7.74,8.32,8.71,5.28,9.89,69.12,2.18,Medium
EMP04883,38,12,93.56,3,41,60,63.3,5.02,9.65,6.27,6.95,7.9,55.39,11.81,Low
EMP04884,44,26,93.69,3,23,54,83.56,8.97,7.5,9.53,5.69,7.45,88.24,1.43,Medium
EMP04885,35,27,84.34,5,67,65,78.88,8.45,6.5,6.61,6.65,5.93,69.47,9.74,Low
EMP04886,28,29,99.68,8,26,61,90.03,6.63,6.93,7.4,8.58,6.9,51.56,5.71,Low
EMP04887,53,15,96.83,6,79,33,99.48,7.32,7.71,8.05,7.23,8.93,63.53,10.52,Medium
EMP04888,36,14,95.78,1,59,64,64.78,7.25,9.88,5.96,6.61,9.82,66.64,9.01,Low
EMP04889,38,21,86.6,5,27,31,70.9,6.37,8.14,8.06,9.46,8.0,72.66,1.67,Medium
EMP04890,55,29,90.71,4,79,17,87.3,9.9,5.77,8.53,5.05,8.08,84.06,3.64,Medium
EMP04891,26,1,82.74,5,79,17,69.49,7.72,9.22,5.51,9.07,9.71,89.39,11.48,Medium
EMP04892,48,28,90.77,7,71,53,61.21,9.49,5.91,6.9,8.11,5.63,99.29,2.62,Medium
EMP04893,44,11,82.92,7,77,42,64.39,7.93,5.19,8.06,5.23,8.06,92.71,1.75,Medium
EMP04894,35,28,91.06,2,76,45,77.35,8.45,5.5,9.63,5.17,7.93,72.88,2.7,Low
EMP04895,36,25,92.97,8,54,56,77.23,5.15,8.93,9.45,5.86,6.03,55.27,8.92,Low
EMP04896,54,3,87.8,5,28,71,98.89,7.56,9.51,5.85,9.89,8.87,83.2,1.44,Medium
EMP04897,52,19,89.97,6,70,74,78.64,8.61,6.34,8.05,5.43,5.6,71.12,5.76,Low
EMP04898,56,18,97.51,8,32,63,87.12,5.61,7.49,5.49,8.69,5.32,70.28,2.01,Medium
EMP04899,38,20,82.17,6,58,61,79.69,8.39,7.99,6.47,7.01,7.43,66.89,8.56,Low
EMP04900,49,28,95.83,9,39,22,70.8,5.42,7.09,7.99,6.18,6.5,58.44,3.78,Low
EMP04901,40,2,83.42,8,40,31,64.22,9.04,5.33,5.41,7.88,7.18,54.44,8.53,Low
EMP04902,44,29,80.73,0,66,49,94.36,9.89,5.28,9.44,6.84,5.56,90.94,2.93,Medium
EMP04903,53,25,83.71,0,38,50,66.11,8.13,7.2,9.14,6.55,7.26,59.25,5.36,Low
EMP04904,34,28,95.3,2,21,41,63.88,5.39,8.99,7.37,6.2,7.2,84.99,11.18,Low
EMP04905,41,26,88.1,8,63,54,68.55,7.93,5.42,7.46,7.29,9.83,86.34,5.22,Medium
EMP04906,56,7,97.45,0,59,59,60.1,8.7,6.03,9.41,5.85,8.61,65.37,2.25,Low
EMP04907,26,8,90.49,0,49,47,62.88,9.67,6.35,5.25,9.26,9.6,77.81,5.07,Medium
EMP04908,30,19,80.45,4,42,74,85.41,5.23,7.8,5.72,7.96,8.91,85.57,6.0,Medium
EMP04909,50,22,94.33,7,74,64,69.74,8.88,5.22,6.54,5.31,8.94,56.72,6.04,Low
EMP04910,27,15,82.2,1,59,25,73.54,5.66,9.3,6.82,7.29,9.33,58.47,8.8,Low
EMP04911,46,10,95.79,3,32,35,93.41,8.95,7.35,9.94,8.15,6.28,85.88,2.37,Medium
EMP04912,52,22,83.36,5,52,20,90.92,9.44,7.43,5.74,9.31,7.13,63.99,6.08,Medium
EMP04913,43,29,86.91,0,51,62,79.69,9.31,6.63,6.52,5.12,9.38,55.36,3.79,Low
EMP04914,23,1,95.23,3,47,35,84.52,8.26,6.06,9.14,7.28,5.33,76.01,5.89,Medium
EMP04915,26,6,99.08,3,43,65,63.43,7.5,6.82,8.92,8.53,5.28,90.32,2.9,Medium
EMP04916,48,13,87.43,8,61,72,90.46,9.37,9.57,8.27,5.98,8.24,65.31,3.59,Medium
EMP04917,46,14,96.59,8,47,69,80.65,7.6,5.47,6.64,6.11,9.55,63.03,7.08,Low
EMP04918,29,3,83.82,5,49,42,82.84,5.95,5.3,5.59,7.45,8.97,60.39,4.31,Low
EMP04919,22,11,96.14,7,72,31,86.62,9.71,5.57,9.92,9.42,9.0,73.83,2.76,Medium
EMP04920,41,3,93.15,9,75,32,80.01,6.87,8.88,6.26,6.99,6.8,78.64,7.82,Medium
EMP04921,44,19,83.85,3,60,25,80.87,8.12,5.24,9.22,7.42,7.96,56.73,10.2,Low
EMP04922,53,10,86.05,9,48,60,79.99,6.0,6.67,9.48,8.18,8.86,90.07,10.04,Medium
EMP04923,32,27,82.64,7,53,58,79.87,5.55,7.12,7.2,6.55,8.97,76.5,10.18,Low
EMP04924,45,15,87.66,2,70,39,90.01,7.76,7.54,9.25,9.34,7.9,78.14,1.19,Medium
EMP04925,32,11,84.07,1,41,44,77.09,7.77,5.02,6.4,9.81,9.0,55.88,8.55,Medium
EMP04926,50,15,92.88,5,44,66,60.12,6.85,7.43,9.45,8.25,5.13,81.16,11.99,Low
EMP04927,47,26,99.89,4,33,70,84.48,6.56,5.97,8.18,8.19,9.71,83.92,8.99,Medium
EMP04928,37,27,80.24,7,29,39,98.11,6.87,5.49,5.97,8.37,9.35,70.19,3.92,Medium
EMP04929,56,24,90.82,0,29,21,70.28,8.98,7.67,8.93,5.97,5.26,79.96,7.2,Low
EMP04930,41,13,91.47,9,27,63,92.65,6.79,8.72,9.57,8.66,7.1,61.67,6.26,Medium
EMP04931,24,5,98.28,2,33,51,78.22,9.61,9.67,7.85,6.73,9.6,81.96,6.05,Medium
EMP04932,22,4,90.12,6,64,68,85.72,5.56,9.56,8.8,9.97,7.56,76.65,8.95,Medium
EMP04933,22,13,90.87,9,57,60,95.63,9.66,6.99,8.97,8.76,5.46,79.14,2.4,Medium
EMP04934,38,9,89.43,3,51,41,90.84,8.45,8.52,8.94,7.92,9.83,62.59,2.31,Medium
EMP04935,23,25,85.38,9,72,70,95.38,6.72,8.48,7.27,9.56,6.79,89.46,6.57,Medium
EMP04936,50,17,81.12,4,64,40,60.38,5.03,7.06,8.7,9.85,7.58,91.3,11.71,Medium
EMP04937,41,2,88.17,7,51,27,67.49,9.01,5.49,7.74,9.09,8.16,55.24,1.68,Medium
EMP04938,27,24,81.05,0,22,38,76.94,9.85,6.91,7.07,8.78,9.16,93.38,5.08,Medium
EMP04939,29,5,91.01,0,79,26,93.91,9.91,9.96,5.83,5.3,9.37,88.79,6.6,Medium
EMP04940,50,16,86.15,6,39,28,93.54,7.12,7.78,9.55,8.53,8.27,77.66,1.01,Medium
EMP04941,54,7,90.67,8,32,71,67.41,5.35,6.71,7.07,6.68,9.74,52.75,4.24,Low
EMP04942,24,1,82.69,3,74,23,65.69,6.57,8.72,6.2,9.65,6.1,76.16,2.22,Medium
EMP04943,56,28,98.65,7,42,45,93.39,6.55,8.43,6.21,8.06,9.52,73.43,8.76,Medium
EMP04944,26,26,97.89,9,38,18,81.66,5.51,7.89,6.21,6.85,5.95,61.17,5.83,Low
EMP04945,48,12,83.8,6,35,68,85.07,7.62,8.19,5.01,6.69,9.47,91.68,7.85,Medium
EMP04946,33,21,86.87,1,55,33,92.37,8.02,7.92,7.19,7.77,6.08,66.03,7.63,Low
EMP04947,41,11,92.27,4,54,15,68.47,8.64,9.78,9.45,7.46,8.6,79.01,4.94,Medium
EMP04948,41,12,81.91,8,66,43,65.46,5.26,7.55,5.13,6.95,9.08,72.53,1.39,Low
EMP04949,30,19,87.09,8,66,59,94.36,6.38,7.95,9.78,6.04,6.95,93.92,3.94,Medium
EMP04950,25,26,85.02,2,69,20,64.47,6.78,7.36,5.9,8.98,5.57,75.05,6.29,Low
EMP04951,40,12,98.31,2,73,15,63.53,9.46,8.0,8.59,7.17,6.81,63.9,3.23,Low
EMP04952,59,12,97.05,1,26,39,71.08,9.51,9.45,8.93,5.49,5.31,86.11,11.31,Low
EMP04953,48,14,91.6,6,71,41,72.67,6.3,6.7,8.68,5.43,8.3,88.37,5.55,Medium
EMP04954,34,2,90.41,5,56,36,69.65,7.44,7.48,6.7,6.19,8.49,96.73,4.87,Medium
EMP04955,34,2,98.61,4,27,31,89.66,7.12,7.24,8.52,7.76,6.34,87.31,2.18,Medium
EMP04956,43,25,98.65,6,44,73,98.93,7.63,6.99,7.36,5.74,8.26,52.48,4.04,Low
EMP04957,49,29,99.39,3,42,43,67.98,6.43,9.11,5.76,6.08,5.29,91.45,7.36,Low
EMP04958,43,4,82.51,4,29,17,91.27,7.31,6.16,6.0,7.51,5.16,74.12,10.02,Low
EMP04959,40,20,83.21,8,49,31,61.77,5.73,7.5,5.13,6.09,7.04,57.31,9.51,Low
EMP04960,29,23,93.53,8,52,16,64.76,8.55,9.62,6.66,9.29,7.42,98.92,8.54,Medium
EMP04961,29,26,90.83,3,30,46,80.6,6.85,5.81,8.64,7.95,5.09,82.5,11.26,Low
EMP04962,47,16,80.37,5,54,36,99.98,7.71,5.02,9.85,5.43,7.95,94.62,3.67,Medium
EMP04963,47,10,81.24,1,46,53,97.97,8.02,6.33,5.67,5.7,9.16,58.88,3.58,Low
EMP04964,44,13,97.76,2,72,47,64.48,9.18,9.61,6.77,5.98,7.05,88.82,1.51,Medium
EMP04965,34,2,97.38,8,22,72,69.59,5.41,5.44,5.91,8.15,8.74,79.83,8.74,Medium
EMP04966,49,3,87.15,5,66,67,97.83,7.41,5.69,8.8,5.53,5.76,69.32,9.81,Low
EMP04967,30,19,97.82,7,68,36,66.03,9.47,6.6,9.6,5.22,7.65,60.68,3.86,Low
EMP04968,41,6,91.87,4,69,61,89.71,6.65,8.85,5.57,8.64,8.95,67.04,9.7,Medium
EMP04969,40,19,96.12,1,27,18,60.04,7.22,8.76,9.52,7.39,8.41,76.7,8.8,Medium
EMP04970,33,27,88.55,6,74,52,85.27,5.43,5.44,6.36,9.24,8.9,86.65,6.95,Medium
EMP04971,36,21,82.27,5,32,67,79.78,8.75,9.67,6.12,8.96,8.61,71.8,7.09,Medium
EMP04972,52,20,88.67,1,61,27,78.84,5.43,6.19,5.28,6.37,5.61,69.63,8.76,Low
EMP04973,35,19,89.15,5,22,73,93.17,8.15,6.4,5.4,5.96,5.51,50.43,11.98,Low
EMP04974,32,8,91.02,7,39,37,63.23,6.87,6.93,5.35,7.58,9.88,97.47,4.51,Medium
EMP04975,47,14,82.11,0,65,27,75.09,6.69,8.17,7.23,5.4,7.41,88.54,1.8,Low
EMP04976,48,10,99.83,3,64,34,77.84,7.93,7.61,8.29,8.16,8.66,99.79,8.7,Medium
EMP04977,32,3,84.88,0,54,47,64.96,7.84,9.64,5.92,5.06,8.41,96.02,1.32,Medium
EMP04978,59,6,83.97,1,32,48,63.43,7.03,7.82,6.09,9.02,5.22,93.15,10.84,Medium
EMP04979,55,29,90.54,0,39,52,67.18,6.39,9.29,5.86,9.45,7.48,52.9,11.7,Low
EMP04980,40,15,90.74,5,43,43,69.64,7.54,5.39,9.03,9.98,7.61,80.78,8.99,Medium
EMP04981,27,23,88.8,5,76,72,98.64,6.34,9.28,5.69,6.72,9.04,61.27,4.77,Medium
EMP04982,59,23,95.44,0,74,46,79.02,5.51,5.99,5.37,7.81,9.81,94.08,3.48,Medium
EMP04983,49,18,90.33,3,28,25,80.41,9.0,6.81,5.18,9.31,6.45,90.99,2.21,Medium
EMP04984,22,14,92.19,3,49,32,88.28,8.51,6.6,5.2,7.31,5.29,58.52,1.07,Low
EMP04985,56,19,94.47,7,44,59,87.37,5.42,6.69,7.73,6.65,7.38,89.32,5.73,Medium
EMP04986,29,28,80.5,5,35,35,80.11,5.81,9.59,5.47,5.24,5.15,99.35,8.12,Low
EMP04987,28,26,91.41,1,74,26,73.59,5.5,7.21,6.11,6.97,6.93,67.88,5.14,Low
EMP04988,32,10,97.68,4,74,66,73.24,8.95,6.34,9.16,5.39,6.37,68.26,5.82,Low
EMP04989,25,15,80.35,3,27,53,62.31,8.86,6.47,9.84,6.81,6.21,51.26,8.54,Low
EMP04990,46,4,88.1,9,63,34,95.99,7.04,9.02,9.3,6.72,5.01,86.35,5.5,Medium
EMP04991,33,23,98.52,3,77,21,90.78,9.11,7.7,9.8,8.24,6.25,91.34,9.51,Medium
EMP04992,47,2,87.06,7,47,41,84.93,9.87,7.25,8.35,6.83,6.6,52.33,8.07,Low
EMP04993,59,3,89.17,4,31,70,75.84,9.85,9.63,9.94,6.92,9.56,97.26,8.39,Medium
EMP04994,33,7,99.63,2,70,21,83.3,9.9,9.65,7.48,6.43,5.44,53.67,7.81,Low
EMP04995,58,23,83.99,9,43,16,79.4,9.23,8.78,8.97,8.04,8.83,78.44,2.32,Medium
EMP04996,45,16,81.31,3,68,57,70.96,6.08,7.59,9.86,6.95,8.62,96.37,8.52,Medium
EMP04997,37,10,97.19,0,48,47,71.94,5.29,5.58,8.55,9.74,6.63,96.42,7.51,Medium
EMP04998,34,19,97.37,5,34,35,94.98,9.06,8.54,9.78,9.46,9.53,56.66,7.32,Medium
EMP04999,46,28,89.44,9,73,43,85.4,6.54,9.08,6.27,6.18,8.28,98.57,7.58,Medium
EMP05000,25,17,90.28,3,37,46,60.06,6.69,9.26,6.5,7.02,5.48,63.52,11.86,Low
EMP05001,32,28,96.72,5,26,59,73.07,5.36,7.91,6.99,8.17,6.02,67.08,5.8,Low
EMP05002,53,19,94.77,1,32,26,73.6,8.57,8.08,7.32,5.08,7.01,83.76,2.17,Medium
EMP05003,28,5,85.3,4,38,27,88.25,7.15,8.55,9.49,6.14,9.84,55.6,6.64,Low
EMP05004,32,23,80.34,8,67,53,88.02,6.02,9.37,9.44,6.43,6.32,76.71,2.65,Low
EMP05005,49,20,89.59,7,62,58,78.57,8.26,5.23,8.29,7.01,7.14,90.8,9.87,Medium
EMP05006,44,13,97.18,2,77,63,98.04,9.9,7.82,6.16,9.45,7.8,74.81,3.75,Medium
EMP05007,44,13,97.92,0,24,73,94.89,7.49,6.85,6.2,5.48,6.78,53.05,11.95,Low
EMP05008,49,11,99.12,9,45,54,94.65,8.03,9.17,8.16,5.33,8.5,90.25,2.95,Medium
EMP05009,47,11,97.59,2,21,17,73.93,5.81,5.67,7.52,8.32,8.3,62.01,5.16,Low
EMP05010,46,16,91.6,7,52,53,77.24,5.8,9.55,6.29,6.82,5.3,90.28,2.61,Medium
EMP05011,50,15,88.89,2,67,65,76.76,7.29,5.62,5.84,5.89,7.14,96.91,5.61,Medium
EMP05012,40,17,95.5,4,56,66,77.61,9.22,5.45,8.61,8.51,8.91,87.74,6.32,Medium
EMP05013,54,22,94.8,1,44,22,95.57,9.55,6.73,9.07,6.21,8.2,51.66,9.18,Low
EMP05014,57,18,90.76,0,44,60,69.96,8.21,9.97,6.31,7.83,7.3,82.98,1.02,Medium
EMP05015,35,28,81.75,9,58,60,92.09,6.8,8.17,7.12,7.04,8.65,63.61,3.54,Medium
EMP05016,35,19,98.52,4,49,16,80.56,8.75,5.13,8.57,6.81,8.35,59.95,3.97,Medium
EMP05017,56,4,89.11,4,60,20,69.96,6.46,6.25,7.35,8.61,9.19,88.04,7.61,Medium
EMP05018,51,22,87.27,5,23,62,81.09,6.1,5.75,9.81,8.07,5.25,64.48,4.05,Low
EMP05019,49,22,92.59,1,38,72,67.82,8.98,5.01,5.65,7.57,7.68,57.18,6.36,Low
EMP05020,38,23,93.48,8,46,55,64.33,8.76,7.57,9.27,5.64,8.3,58.55,6.37,Low
EMP05021,24,5,84.21,1,71,72,93.53,9.41,6.91,6.53,7.93,8.38,83.86,9.91,Medium
EMP05022,37,7,96.74,1,66,71,87.97,7.88,8.07,8.44,8.46,9.61,72.87,10.63,Medium
EMP05023,51,2,85.8,4,58,67,68.2,9.48,6.08,6.27,9.07,7.06,60.43,11.75,Low
EMP05024,50,1,83.73,8,43,29,97.69,5.13,9.16,9.83,6.5,8.98,53.98,10.25,Low
EMP05025,36,12,88.13,3,69,65,60.98,6.27,6.92,5.25,6.32,8.93,96.86,10.66,Medium
EMP05026,46,10,94.61,5,56,61,73.33,9.02,7.41,7.57,8.74,6.34,99.88,11.68,Medium
EMP05027,59,8,99.31,1,72,68,60.87,7.12,8.66,9.55,7.34,6.34,69.71,10.1,Low
EMP05028,59,1,96.19,3,44,26,65.69,6.2,5.83,7.35,7.03,9.71,62.43,3.25,Low
EMP05029,44,12,98.81,8,48,55,67.2,8.98,6.31,9.2,5.8,6.62,52.09,9.72,Low
EMP05030,46,2,82.81,1,50,62,92.41,9.11,5.77,9.75,7.17,7.07,65.36,8.8,Medium
EMP05031,28,27,81.42,0,64,46,99.72,7.28,8.84,5.34,8.63,8.02,79.14,7.11,Medium
EMP05032,43,28,91.15,3,54,20,94.69,7.33,5.49,7.44,7.25,6.58,76.22,2.92,Medium
EMP05033,38,10,85.81,3,47,66,85.41,8.9,7.45,8.43,9.36,8.31,70.56,1.53,Medium
EMP05034,39,22,96.56,0,57,74,88.92,8.86,8.75,9.16,5.02,6.45,68.1,3.39,Low
EMP05035,31,17,93.44,3,77,41,80.91,9.33,7.54,5.82,5.9,7.64,98.91,10.65,Medium
EMP05036,31,26,99.41,2,63,61,76.9,8.23,7.54,7.83,8.07,7.8,75.01,3.97,Medium
EMP05037,28,3,85.1,1,72,27,87.69,5.93,5.32,5.81,8.36,9.0,50.44,5.92,Low
EMP05038,59,7,89.72,9,69,67,98.92,7.75,8.91,8.78,6.38,9.3,84.96,11.97,Medium
EMP05039,48,12,90.02,3,69,37,61.16,6.91,8.02,6.42,9.71,8.41,79.16,6.6,Medium
EMP05040,54,8,84.78,7,23,24,72.56,5.14,8.34,6.34,6.65,6.35,57.91,9.44,Low
EMP05041,22,20,91.8,6,47,28,73.2,5.98,8.83,8.85,7.06,7.32,85.42,9.75,Medium
EMP05042,55,12,88.87,8,71,17,76.57,6.03,7.8,9.21,9.88,7.81,50.99,10.67,Low
EMP05043,25,3,88.93,7,50,26,85.08,5.41,7.54,6.72,7.4,6.49,86.27,4.66,Medium
EMP05044,38,17,87.25,0,42,39,80.55,7.27,8.32,7.51,8.06,9.7,57.47,2.68,Medium
EMP05045,25,28,80.34,1,33,15,60.75,7.54,9.5,8.47,7.7,5.54,99.23,10.77,Medium
EMP05046,47,9,90.44,1,47,46,76.46,6.7,8.19,8.73,5.89,9.17,75.57,7.71,Low
EMP05047,25,10,86.7,7,33,38,84.78,7.06,8.94,8.85,9.96,7.13,50.53,7.55,Low
EMP05048,22,22,80.03,3,20,67,80.19,7.75,7.4,6.95,5.3,9.73,91.9,7.27,Medium
EMP05049,28,6,86.16,8,62,62,94.88,5.6,7.95,7.68,9.92,7.66,91.24,1.39,Medium
EMP05050,51,25,85.57,1,51,56,75.94,7.81,5.9,5.55,7.34,8.65,88.17,3.74,Medium
EMP05051,30,1,87.87,3,73,23,60.5,8.55,7.44,9.74,5.95,8.67,76.9,8.4,Low
EMP05052,56,22,82.64,0,78,64,71.4,9.37,5.74,8.51,5.83,8.49,60.92,1.36,Low
EMP05053,29,12,90.15,2,60,15,65.43,6.51,7.34,6.88,8.28,5.25,82.0,7.67,Low
EMP05054,45,5,93.85,5,37,56,70.01,8.74,5.32,6.95,8.55,8.11,92.4,1.55,Medium
EMP05055,40,13,92.6,8,79,53,74.48,8.03,7.88,5.45,9.49,9.47,74.65,1.09,Medium
EMP05056,57,27,96.08,0,24,24,87.07,7.51,6.43,7.28,6.18,9.22,53.36,10.81,Low
EMP05057,48,15,89.04,4,61,58,72.97,9.6,9.21,8.37,7.17,9.57,98.76,11.02,Medium
EMP05058,53,22,90.38,1,34,57,95.36,8.1,6.88,9.76,9.86,7.22,83.84,4.19,Medium
EMP05059,35,11,96.21,6,78,55,71.98,6.83,9.59,8.24,7.14,7.27,99.09,10.51,Medium
EMP05060,39,8,88.55,3,61,44,65.48,8.56,7.36,8.25,7.3,9.04,59.35,1.82,Low
EMP05061,49,5,94.03,4,35,19,66.75,9.8,9.24,8.93,6.44,6.52,60.17,5.53,Low
EMP05062,50,2,88.69,7,55,73,97.38,9.59,6.49,7.55,9.35,8.83,55.02,6.24,Medium
EMP05063,37,12,88.35,1,55,18,78.19,9.9,7.26,5.16,6.83,7.52,60.52,5.49,Low
EMP05064,56,28,95.2,2,59,66,76.13,5.48,8.17,9.45,8.18,6.32,55.42,4.83,Low
EMP05065,52,2,83.5,4,49,74,62.76,7.22,6.29,7.01,5.91,8.22,63.65,7.72,Low
EMP05066,25,26,86.77,9,57,59,89.33,7.16,8.29,9.92,8.08,6.48,79.02,8.44,Medium
EMP05067,58,16,84.48,3,42,22,87.79,6.92,6.44,7.03,9.67,8.36,90.99,11.54,Medium
EMP05068,38,21,87.18,4,30,30,75.03,5.89,7.42,8.34,8.88,7.85,54.82,2.39,Low
EMP05069,47,3,84.61,2,79,15,87.67,9.16,5.12,7.3,5.34,8.61,57.88,10.9,Low
EMP05070,25,10,91.59,8,44,63,74.7,8.37,5.39,6.16,8.17,8.0,64.49,9.77,Medium
EMP05071,51,19,95.96,7,64,29,62.93,8.03,6.14,9.65,7.79,8.79,67.17,4.11,Medium
EMP05072,51,8,95.73,5,70,38,89.52,7.23,9.03,8.14,6.69,9.98,94.46,3.2,Medium
EMP05073,43,7,87.29,0,62,29,98.61,6.94,8.3,7.25,9.21,7.34,61.34,2.28,Medium
EMP05074,32,1,99.78,3,21,64,85.93,8.93,9.47,5.72,8.96,7.99,56.4,5.66,Medium
EMP05075,23,12,91.88,6,54,72,71.06,7.63,9.52,10.0,8.24,5.51,93.69,7.05,Medium
EMP05076,33,29,87.99,9,66,20,70.8,8.04,6.87,9.48,8.72,9.75,94.13,7.27,Medium
EMP05077,51,28,96.71,4,43,16,97.16,5.5,6.84,7.11,5.97,7.98,89.26,5.58,Medium
EMP05078,57,5,94.6,3,32,19,72.13,7.36,9.18,5.86,9.6,5.51,69.07,8.54,Medium
EMP05079,39,16,94.99,8,76,65,90.73,5.65,7.13,5.15,8.34,7.0,95.64,8.79,Medium
EMP05080,47,25,83.92,7,61,53,85.72,5.27,9.29,5.76,7.34,5.41,71.97,6.67,Low
EMP05081,28,4,89.37,2,56,55,83.7,8.45,7.53,7.67,5.97,7.49,89.58,7.07,Medium
EMP05082,22,17,97.24,5,75,48,67.24,6.37,7.12,9.08,8.41,6.39,71.75,3.14,Low
EMP05083,47,24,90.08,3,49,53,61.38,9.83,6.4,6.82,5.48,6.7,74.09,7.09,Low
EMP05084,44,21,93.67,6,30,46,79.55,8.03,5.63,7.17,6.6,5.35,93.01,1.83,Medium
EMP05085,47,2,91.76,0,42,43,99.53,8.23,7.63,7.37,7.87,8.81,50.05,7.28,Medium
EMP05086,27,12,96.85,0,79,43,67.83,5.98,6.63,5.09,8.23,9.21,63.7,8.07,Medium
EMP05087,27,1,85.69,5,65,38,81.47,5.64,6.25,5.89,5.09,5.7,82.19,11.8,Low
EMP05088,29,12,91.51,9,47,60,86.84,7.63,5.85,7.5,5.04,8.75,96.1,5.67,Medium
EMP05089,45,12,82.46,6,48,72,79.35,9.63,6.94,6.4,5.56,5.64,50.63,6.45,Low
EMP05090,43,12,93.8,8,76,45,80.28,5.28,7.78,7.62,8.84,5.43,73.21,5.97,Low
EMP05091,40,19,94.64,6,71,38,86.45,7.54,9.19,5.54,7.84,5.57,75.82,3.86,Medium
EMP05092,58,25,80.86,8,34,69,92.6,5.99,9.1,9.01,8.04,5.16,99.97,2.04,Medium
EMP05093,39,17,93.52,9,64,29,73.33,8.91,9.28,8.92,8.02,6.88,84.86,8.05,Medium
EMP05094,52,20,88.29,8,77,26,95.97,8.41,7.88,8.35,5.18,9.76,56.32,1.79,Medium
EMP05095,58,24,82.48,7,22,34,79.4,5.49,7.8,7.66,5.86,9.5,77.77,5.73,Low
EMP05096,51,24,88.4,6,28,18,86.48,8.08,9.53,6.95,8.64,6.66,57.7,1.12,Medium
EMP05097,54,26,83.88,2,27,72,64.26,9.92,6.44,8.41,8.23,8.97,86.31,11.35,Medium
EMP05098,31,28,88.31,2,66,27,79.7,7.64,5.73,8.91,7.23,9.12,68.17,8.67,Medium
EMP05099,58,11,87.69,4,74,55,60.64,6.43,5.41,9.04,5.1,5.76,83.05,3.45,Low
EMP05100,33,13,94.77,6,52,58,75.64,5.76,9.41,6.74,7.08,6.15,94.73,4.04,Medium
EMP05101,51,27,95.48,9,53,24,62.18,9.95,6.86,5.97,6.24,8.45,89.58,4.54,Medium
EMP05102,48,8,92.14,6,28,55,95.88,7.82,7.49,6.71,8.49,6.32,89.84,6.71,Medium
EMP05103,30,10,80.45,0,72,67,86.91,6.87,9.02,5.04,9.12,9.69,64.03,7.95,Medium
EMP05104,42,8,98.62,7,36,37,91.68,6.07,6.87,7.12,7.52,6.15,79.55,1.84,Medium
EMP05105,33,20,93.72,0,60,21,78.71,9.75,9.34,6.37,7.02,9.0,59.38,8.26,Medium
EMP05106,50,8,80.68,3,20,71,94.08,8.14,6.61,8.95,6.37,8.79,61.05,1.82,Medium
EMP05107,54,9,96.38,1,59,26,94.92,5.29,8.66,8.37,5.46,7.52,85.39,11.05,Low
EMP05108,36,7,84.01,4,24,62,74.27,5.3,8.34,5.13,6.86,6.32,70.34,6.47,Low
EMP05109,23,14,91.58,5,49,29,75.07,9.7,6.01,5.72,8.39,5.17,94.43,11.27,Medium
EMP05110,39,28,89.33,3,30,21,80.33,8.55,5.62,7.71,8.33,9.14,74.36,8.07,Medium
EMP05111,24,2,88.4,3,47,22,61.69,5.52,5.56,8.09,7.06,6.89,53.45,5.41,Low
EMP05112,28,25,97.79,6,57,21,99.83,8.12,8.25,8.84,9.83,6.7,70.74,9.61,Medium
EMP05113,39,11,88.75,3,36,57,74.37,7.1,5.06,9.84,9.7,5.22,56.7,1.75,Low
EMP05114,59,8,81.51,1,69,18,78.83,8.94,8.3,8.51,9.38,5.76,99.72,7.46,Medium
EMP05115,58,13,98.93,3,42,74,90.19,6.37,8.91,7.72,7.18,6.84,51.19,3.83,Low
EMP05116,54,21,98.41,6,37,64,71.9,6.91,6.51,7.07,8.73,8.45,78.09,10.27,Medium
EMP05117,52,15,93.69,0,56,65,68.07,5.84,8.73,8.69,9.64,6.04,68.22,10.8,Low
EMP05118,32,28,89.36,3,46,21,65.1,6.26,5.83,9.67,8.69,5.82,80.34,7.44,Low
EMP05119,25,3,81.86,5,44,73,81.12,5.95,9.8,7.11,6.58,6.31,76.95,3.87,Low
EMP05120,39,23,95.81,7,24,73,60.22,5.12,6.16,7.92,5.34,6.42,95.9,5.28,Low
EMP05121,25,14,81.51,7,79,59,88.38,5.23,7.44,6.04,9.79,7.05,59.12,7.83,Low
EMP05122,55,15,81.37,8,38,55,78.46,9.18,9.9,9.29,9.96,6.8,55.98,5.68,Medium
EMP05123,50,2,90.75,4,46,44,81.27,9.02,9.54,8.57,8.47,5.37,93.52,9.55,Medium
EMP05124,45,29,83.2,1,32,73,70.53,5.7,8.3,6.77,6.58,8.09,96.59,5.06,Medium
EMP05125,43,19,80.15,2,73,32,67.13,8.34,6.85,9.37,9.33,5.65,67.76,6.56,Low
EMP05126,23,12,88.46,1,26,44,88.0,8.73,8.5,9.85,9.77,9.34,97.81,3.08,High
EMP05127,27,25,82.74,8,45,21,68.41,5.26,7.3,6.44,7.53,9.3,67.14,8.68,Low
EMP05128,46,20,83.21,5,33,66,91.2,5.44,5.54,5.93,6.56,5.36,79.22,10.52,Low
EMP05129,42,4,81.54,0,46,62,68.15,7.82,8.98,9.16,7.03,7.07,83.34,5.03,Medium
EMP05130,37,3,84.1,2,77,37,84.51,6.87,9.36,7.91,5.37,7.38,99.7,11.5,Medium
EMP05131,52,5,94.31,6,78,74,85.75,8.5,7.04,9.42,7.83,9.98,58.52,1.42,Medium
EMP05132,35,3,96.18,6,27,51,80.23,7.79,8.33,6.74,6.89,6.26,64.73,3.42,Low
EMP05133,49,25,89.05,4,50,21,99.87,5.16,5.15,7.91,9.42,8.18,77.31,5.54,Medium
EMP05134,53,15,90.13,2,54,52,75.03,8.42,5.99,7.89,6.38,7.29,60.73,5.67,Low
EMP05135,49,19,80.65,6,46,43,95.33,6.02,7.85,5.94,5.04,8.84,79.0,9.73,Low
EMP05136,30,2,81.39,4,23,48,66.77,6.56,6.37,9.96,8.69,6.24,88.91,10.76,Medium
EMP05137,43,12,85.15,5,61,74,73.49,8.68,9.72,8.32,5.04,8.4,93.96,4.33,Medium
EMP05138,53,5,90.88,2,23,53,65.81,8.86,9.19,8.32,7.73,5.65,66.81,8.03,Low
EMP05139,26,22,94.79,5,37,67,84.14,6.73,8.28,6.48,5.91,5.08,58.63,7.07,Low
EMP05140,44,17,92.1,6,42,55,85.53,5.45,9.99,8.25,8.05,5.09,84.29,2.95,Medium
EMP05141,26,14,87.84,7,51,59,78.14,8.85,6.22,9.16,5.99,7.46,84.33,4.59,Medium
EMP05142,53,28,82.37,1,31,73,88.81,9.35,9.6,9.07,7.51,8.85,71.89,1.22,Medium
EMP05143,31,27,95.62,1,71,63,94.71,9.82,6.52,9.6,6.68,7.89,79.68,4.34,Medium
EMP05144,36,22,87.28,5,39,63,91.06,6.59,7.98,5.74,5.91,5.18,89.93,2.16,Medium
EMP05145,28,10,94.72,7,66,61,69.67,5.62,7.17,5.91,8.03,7.76,86.66,10.88,Medium
EMP05146,50,3,90.26,4,64,32,72.82,9.69,7.22,8.55,5.41,5.57,83.65,10.89,Low
EMP05147,24,4,94.77,0,31,70,75.21,7.0,8.81,9.04,9.71,9.83,83.09,8.48,Medium
EMP05148,40,6,98.15,0,27,61,68.15,5.47,6.74,8.37,8.89,6.76,86.21,11.92,Medium
EMP05149,31,24,98.42,9,73,57,74.45,7.49,7.54,5.71,9.58,7.52,80.37,7.38,Medium
EMP05150,49,25,90.7,8,41,39,69.52,5.95,6.06,7.97,5.21,6.69,54.22,3.21,Low
EMP05151,50,22,90.23,3,46,41,99.83,6.78,8.82,8.74,5.01,7.34,79.14,10.73,Low
EMP05152,36,16,85.31,9,60,41,91.33,6.6,7.76,5.68,6.79,9.79,94.48,3.29,Medium
EMP05153,56,7,98.72,0,71,26,94.4,9.94,6.28,5.28,8.08,6.3,51.88,3.94,Medium
EMP05154,27,15,89.16,7,60,37,96.89,8.2,6.33,6.27,6.22,8.59,69.95,8.25,Medium
EMP05155,33,21,82.55,1,36,31,86.6,7.46,6.47,5.45,7.75,8.78,69.65,2.43,Medium
EMP05156,59,28,88.65,1,78,58,67.04,7.57,8.5,5.74,8.03,5.95,62.7,7.71,Low
EMP05157,34,25,82.54,0,76,21,90.34,8.02,7.98,6.02,5.76,8.65,78.73,4.33,Medium
EMP05158,50,20,90.05,0,51,38,60.62,9.36,9.11,7.65,8.84,8.24,58.53,7.89,Medium
EMP05159,40,26,91.23,8,52,21,64.53,5.73,7.86,5.78,9.68,6.46,95.82,9.78,Medium
EMP05160,24,11,86.76,0,50,43,61.18,8.0,6.53,8.02,8.2,7.61,57.78,5.34,Low
EMP05161,29,22,81.43,5,74,74,65.42,6.61,9.81,6.45,9.74,7.95,98.25,4.64,Medium
EMP05162,29,21,98.87,6,25,67,90.08,7.86,9.43,6.55,6.23,9.18,50.58,4.64,Low
EMP05163,41,1,95.47,3,58,42,95.42,7.59,6.39,9.84,5.18,5.62,74.4,4.93,Low
EMP05164,25,5,96.78,4,28,37,71.15,5.15,9.56,9.03,6.24,9.86,51.81,9.62,Low
EMP05165,42,13,87.34,3,61,24,64.77,7.91,8.6,7.12,8.24,8.85,93.86,5.74,Medium
EMP05166,24,21,95.22,3,51,30,70.92,8.55,7.07,7.24,7.99,7.67,89.94,8.85,Medium
EMP05167,29,14,89.71,9,55,57,85.88,6.23,7.33,5.57,6.34,8.88,61.25,9.14,Low
EMP05168,44,9,84.02,0,35,62,74.01,5.53,7.23,9.22,7.04,8.67,56.9,6.86,Low
EMP05169,37,17,82.49,5,31,48,98.45,6.06,8.98,5.02,6.84,7.3,60.6,6.01,Low
EMP05170,34,15,86.9,9,60,39,65.24,8.18,5.88,5.72,9.75,6.68,53.92,5.16,Low
EMP05171,24,21,82.75,9,22,16,99.61,7.34,5.29,7.67,6.57,9.94,61.85,8.21,Medium
EMP05172,30,7,99.97,6,77,64,60.5,9.33,7.49,5.94,5.97,9.42,53.41,6.66,Low
EMP05173,35,27,80.98,6,46,19,78.07,6.42,6.45,8.16,7.83,9.75,92.63,4.21,Medium
EMP05174,34,22,88.82,7,46,28,70.07,6.83,7.82,5.02,5.62,5.24,92.65,6.86,Low
EMP05175,28,22,89.04,6,28,45,82.65,7.64,9.89,5.49,7.54,9.08,77.45,8.24,Medium
EMP05176,36,12,86.01,5,36,54,63.86,7.3,8.36,8.82,8.43,9.46,95.99,6.99,Medium
EMP05177,28,23,91.43,7,65,20,95.03,7.74,9.8,7.88,9.72,7.38,67.51,1.17,Medium
EMP05178,59,6,83.0,2,24,42,65.46,6.56,8.66,5.1,9.46,9.45,58.94,11.92,Low
EMP05179,55,21,95.68,8,45,23,83.5,5.83,5.38,6.03,9.21,5.5,65.22,9.33,Low
EMP05180,43,16,86.65,2,40,20,61.33,9.02,9.45,6.19,6.97,5.3,56.18,3.68,Low
EMP05181,45,26,91.83,3,20,67,72.44,5.2,5.99,9.25,9.47,6.46,91.12,9.37,Medium
EMP05182,58,5,94.31,9,20,31,65.99,6.85,9.32,7.91,8.58,5.13,88.02,9.45,Medium
EMP05183,22,9,97.78,5,54,54,99.11,5.44,8.75,7.71,7.21,8.42,59.49,7.61,Medium
EMP05184,31,14,96.72,7,28,49,60.48,8.68,9.19,5.43,7.82,9.63,77.28,7.87,Medium
EMP05185,37,8,92.17,2,42,26,74.1,6.83,6.27,8.28,7.18,6.48,64.03,2.77,Low
EMP05186,29,14,87.77,9,57,59,72.11,5.15,9.04,5.78,5.98,8.3,56.56,5.09,Low
EMP05187,46,12,90.06,5,60,32,86.29,5.38,8.05,7.61,7.26,7.34,62.27,7.47,Low
EMP05188,33,10,95.37,4,23,69,62.26,5.99,5.41,7.96,9.04,6.28,79.99,1.85,Medium
EMP05189,46,20,97.55,4,71,57,92.42,8.93,9.45,9.21,6.33,9.59,82.53,11.76,Medium
EMP05190,38,20,82.08,4,38,48,78.66,9.0,9.38,9.03,8.2,9.79,59.34,2.12,Medium
EMP05191,47,26,87.7,8,56,60,78.11,9.98,7.86,5.95,7.77,5.67,88.69,5.44,Medium
EMP05192,35,21,95.52,6,24,15,69.07,6.2,7.26,9.58,9.6,8.83,78.75,11.05,Medium
EMP05193,57,13,88.63,8,47,73,79.6,5.3,7.0,5.01,8.73,5.94,71.46,1.17,Medium
EMP05194,44,29,86.64,8,65,29,74.56,6.42,8.01,6.65,6.81,7.44,82.31,8.52,Low
EMP05195,27,19,88.23,5,61,32,69.81,5.89,9.21,5.33,7.81,6.8,66.66,5.27,Low
EMP05196,26,15,92.06,5,74,36,66.75,8.55,7.83,8.6,9.56,6.22,63.19,8.89,Low
EMP05197,46,8,100.0,3,67,32,89.13,9.85,5.65,7.5,6.13,8.38,96.32,8.3,Medium
EMP05198,39,23,89.86,7,42,63,65.68,6.37,6.53,5.87,7.37,9.28,94.96,7.57,Medium
EMP05199,34,21,84.17,1,57,15,66.72,6.64,8.34,5.43,6.11,8.91,73.76,10.52,Low
EMP05200,35,10,83.26,4,71,60,83.08,6.76,8.23,6.13,7.09,8.61,80.19,1.06,Medium
EMP05201,49,3,80.85,0,42,34,69.04,9.28,7.59,9.6,5.29,5.33,82.85,2.61,Low
EMP05202,39,21,91.18,9,65,70,78.38,7.89,6.2,8.39,9.38,5.49,82.78,9.65,Medium
EMP05203,49,3,90.89,1,37,68,82.12,9.87,6.35,6.21,9.89,7.32,76.41,7.99,Medium
EMP05204,48,26,84.1,0,48,62,70.98,8.14,7.42,9.47,7.84,7.78,65.64,11.18,Low
EMP05205,53,5,93.91,5,47,50,73.74,8.53,6.97,5.68,7.77,8.62,94.48,5.83,Medium
EMP05206,30,16,94.82,1,28,68,68.41,5.45,6.58,8.44,9.78,6.78,78.1,7.05,Medium
EMP05207,53,17,85.18,3,58,52,78.42,9.76,9.15,7.12,6.97,5.11,95.36,7.87,Medium
EMP05208,41,6,86.88,4,69,39,99.7,8.14,7.52,6.34,8.11,5.18,91.42,2.94,Medium
EMP05209,49,26,99.81,6,29,30,74.51,7.6,7.52,6.31,9.19,9.27,82.48,2.58,Medium
EMP05210,54,20,87.49,9,21,34,86.13,6.94,7.14,7.5,7.53,5.64,85.53,3.79,Medium
EMP05211,25,20,95.22,0,32,52,85.44,5.39,8.4,9.66,6.11,9.68,95.56,5.24,Medium
EMP05212,55,16,89.05,4,57,61,91.46,5.67,5.88,8.71,9.06,6.66,81.56,6.36,Medium
EMP05213,24,24,95.87,3,46,72,88.48,5.06,9.72,8.31,6.36,7.92,73.42,6.11,Low
EMP05214,47,2,95.38,6,74,47,60.47,9.99,5.52,9.38,9.22,5.84,72.11,9.71,Medium
EMP05215,29,20,93.36,9,60,21,72.37,8.93,8.55,7.85,9.72,7.27,98.99,2.47,Medium
EMP05216,27,15,97.1,6,39,37,94.81,8.99,8.52,5.96,7.73,9.38,87.58,5.06,Medium
EMP05217,37,18,98.78,7,59,25,81.58,8.65,5.57,9.89,5.25,9.92,83.56,11.41,Medium
EMP05218,45,1,91.6,3,29,47,64.17,7.42,9.97,7.67,9.78,8.83,54.8,9.49,Medium
EMP05219,51,26,84.75,3,35,54,71.05,5.44,5.17,6.58,9.16,8.82,79.4,5.71,Medium
EMP05220,34,29,87.97,9,34,60,71.34,5.36,6.82,8.89,5.59,9.43,59.44,7.39,Low
EMP05221,26,29,95.17,4,32,19,94.93,9.58,7.12,7.32,8.15,6.22,69.49,6.17,Medium
EMP05222,46,19,93.02,4,69,59,82.14,5.0,9.01,5.06,6.58,8.68,77.87,5.22,Medium
EMP05223,41,12,83.56,2,57,61,84.33,8.5,5.15,6.6,6.65,7.79,50.4,2.46,Low
EMP05224,39,8,81.02,4,39,55,74.68,8.14,7.79,7.29,7.9,6.31,93.11,2.84,Medium
EMP05225,39,6,93.66,4,43,22,62.41,7.51,6.02,6.86,8.56,5.28,71.93,4.17,Low
EMP05226,23,12,85.02,7,60,65,63.01,9.87,7.86,7.76,5.06,6.0,81.13,5.02,Low
EMP05227,31,7,89.99,6,69,31,76.82,5.99,8.23,5.92,5.76,8.25,60.1,3.77,Low
EMP05228,33,18,94.93,7,26,65,67.1,8.93,5.17,7.86,9.51,7.85,85.06,7.35,Medium
EMP05229,34,22,91.25,4,42,32,64.17,8.37,5.34,9.93,7.47,5.35,65.5,7.58,Low
EMP05230,32,14,81.67,1,43,64,70.49,9.87,5.43,8.77,7.46,7.81,75.81,1.5,Medium
EMP05231,40,8,83.71,7,48,41,89.68,9.67,9.26,8.42,9.2,6.95,66.16,8.15,Medium
EMP05232,56,24,84.39,8,24,45,62.92,5.64,9.63,6.0,5.65,5.07,82.23,6.14,Low
EMP05233,47,20,85.16,1,62,18,77.93,6.54,7.19,7.91,8.57,9.55,92.52,7.02,Medium
EMP05234,35,22,91.31,0,64,16,93.04,9.25,9.37,9.1,7.53,6.29,82.05,10.83,Medium
EMP05235,45,14,90.08,5,54,70,70.72,6.14,7.38,6.2,8.71,7.77,58.91,3.02,Low
EMP05236,22,5,84.06,2,20,19,72.07,6.89,7.01,5.43,8.4,7.95,62.48,5.45,Low
EMP05237,43,9,81.35,0,55,31,95.37,8.13,7.66,8.31,8.33,7.49,76.14,6.34,Medium
EMP05238,44,8,83.43,5,70,68,86.0,7.81,8.95,8.37,9.28,6.2,63.56,7.5,Medium
EMP05239,40,2,99.69,7,37,74,91.91,8.2,6.12,9.02,7.75,7.04,59.77,8.45,Medium
EMP05240,39,28,89.37,8,25,53,71.57,8.57,6.51,8.15,7.04,6.45,52.33,2.42,Low
EMP05241,33,16,97.35,5,42,46,99.87,8.64,9.24,9.24,5.99,7.17,55.21,9.24,Low
EMP05242,49,13,96.98,5,29,43,65.64,8.69,9.58,6.33,6.72,5.41,78.24,3.43,Low
EMP05243,49,7,90.23,0,26,30,98.48,9.96,5.62,5.18,9.35,5.83,59.73,11.46,Medium
EMP05244,54,16,94.13,4,63,15,96.08,6.78,8.52,8.66,6.69,5.69,74.92,2.16,Medium
EMP05245,40,7,83.86,2,27,26,82.08,5.22,5.05,6.93,9.93,7.98,82.09,11.85,Medium
EMP05246,49,27,93.77,6,32,33,83.41,6.74,6.23,6.05,8.04,8.28,62.51,11.21,Low
EMP05247,58,14,85.45,8,49,23,91.0,9.56,5.34,5.26,9.07,9.57,97.48,10.78,High
EMP05248,47,14,96.64,5,37,62,72.27,5.42,7.58,8.78,7.47,6.31,62.83,1.33,Low
EMP05249,56,12,81.67,4,33,21,81.1,8.23,6.72,9.13,8.27,6.97,58.11,3.22,Low
EMP05250,55,1,95.46,6,30,44,96.1,7.12,5.69,6.95,9.95,8.11,72.84,7.25,Medium
EMP05251,56,1,82.0,8,79,29,62.73,9.61,5.0,9.43,7.5,9.86,72.11,8.93,Medium
EMP05252,37,12,97.62,4,61,58,96.22,9.64,6.94,7.08,6.32,6.96,92.92,9.08,Medium
EMP05253,59,20,86.08,4,57,18,89.15,8.93,6.47,9.76,8.25,6.45,52.37,1.51,Low
EMP05254,34,21,93.09,9,32,20,90.79,5.49,5.23,9.92,9.6,6.94,63.62,8.58,Medium
EMP05255,44,15,89.75,3,73,52,62.59,5.12,9.26,9.09,5.09,6.55,93.95,6.46,Low
EMP05256,43,4,87.33,4,61,61,67.51,5.68,7.05,6.28,9.96,5.43,87.94,4.45,Medium
EMP05257,37,7,92.91,6,63,74,97.01,6.61,8.87,6.83,7.72,6.73,50.19,8.58,Low
EMP05258,49,16,98.95,2,52,49,64.96,6.21,7.11,7.66,9.0,7.93,76.39,3.76,Medium
EMP05259,56,3,80.83,3,69,16,85.25,6.85,5.34,6.64,5.59,5.91,62.24,8.1,Low
EMP05260,29,7,98.38,8,32,19,91.31,5.72,6.97,9.09,6.46,9.17,99.41,7.73,Medium
EMP05261,43,29,92.18,1,44,22,69.25,8.76,9.43,9.64,9.89,8.68,99.18,7.5,Medium
EMP05262,42,24,96.15,7,43,65,87.95,9.23,5.04,9.93,6.44,7.79,96.37,6.86,Medium
EMP05263,47,22,87.68,8,79,67,62.62,7.44,9.48,6.68,7.06,8.69,50.5,4.0,Low
EMP05264,42,6,89.44,4,48,44,79.95,9.78,8.28,6.35,6.4,6.58,95.25,3.21,Medium
EMP05265,46,16,97.38,6,55,62,73.38,5.6,9.98,5.81,7.34,6.0,66.33,5.21,Low
EMP05266,22,24,88.3,5,25,33,85.83,5.53,9.58,5.24,5.8,9.21,82.1,11.68,Medium
EMP05267,27,8,90.69,0,37,44,95.56,6.0,9.34,5.89,7.54,9.09,72.46,9.66,Medium
EMP05268,44,23,80.4,7,47,69,65.02,9.91,5.19,6.42,6.49,8.68,67.73,5.23,Low
EMP05269,44,22,83.17,8,24,45,78.01,7.08,6.4,6.96,9.08,6.28,64.35,8.52,Low
EMP05270,44,6,92.83,9,37,30,76.93,9.62,6.87,5.55,6.95,6.72,71.39,4.09,Medium
EMP05271,53,10,94.34,0,56,52,72.95,6.01,8.5,9.1,8.96,6.9,64.85,3.36,Medium
EMP05272,51,16,91.65,7,26,36,79.21,9.23,8.24,8.1,8.21,5.92,96.3,7.42,Medium
EMP05273,34,11,82.87,2,74,47,95.23,6.55,5.86,7.81,9.58,8.8,71.85,3.82,Medium
EMP05274,39,13,88.91,5,28,64,98.95,8.67,8.68,7.73,9.05,5.92,97.23,7.01,Medium
EMP05275,44,29,87.1,9,54,36,60.11,9.87,5.78,6.45,9.51,6.11,68.57,1.88,Medium
EMP05276,36,6,89.91,7,31,22,89.56,9.67,7.28,9.69,7.63,5.24,63.0,10.18,Low
EMP05277,54,24,97.41,4,71,51,84.6,9.16,7.89,6.16,9.57,8.32,90.46,5.2,Medium
EMP05278,42,1,95.52,7,76,26,99.78,5.25,9.35,8.34,5.77,9.64,76.02,1.17,Medium
EMP05279,44,21,81.68,6,65,64,63.6,8.04,8.16,6.27,5.42,7.42,58.14,11.54,Low
EMP05280,48,19,97.81,6,59,19,92.45,9.18,9.77,9.95,7.63,9.49,96.4,7.0,Medium
EMP05281,39,12,89.44,6,63,39,97.36,7.0,9.97,9.56,9.13,9.21,98.11,11.07,Medium
EMP05282,45,24,94.88,8,58,68,96.48,8.66,7.54,6.32,6.06,8.97,84.41,3.07,Medium
EMP05283,28,27,82.8,5,43,43,82.42,5.69,5.26,9.94,9.84,5.84,98.59,4.3,Medium
EMP05284,41,6,93.41,5,28,27,73.1,5.88,5.14,8.13,5.93,6.89,83.71,5.21,Low
EMP05285,48,18,84.73,8,31,67,85.6,8.22,9.28,8.64,8.54,8.32,81.16,3.15,Medium
EMP05286,27,13,88.77,5,55,40,72.24,7.19,7.5,6.41,9.58,6.72,91.3,5.99,Medium
EMP05287,48,7,80.34,6,56,36,76.49,6.09,6.83,6.08,9.83,8.55,53.39,4.1,Medium
EMP05288,30,23,83.03,6,28,43,77.83,6.41,6.42,9.29,8.31,6.44,72.14,2.38,Medium
EMP05289,52,13,81.84,1,58,26,72.08,8.09,6.41,6.38,7.87,6.96,71.52,1.9,Medium
EMP05290,42,21,84.79,7,65,62,73.67,8.63,5.36,9.59,5.45,8.66,81.04,3.84,Medium
EMP05291,47,8,82.0,5,71,60,60.29,6.04,6.51,6.83,5.1,5.59,67.36,11.79,Low
EMP05292,34,21,93.84,3,41,57,71.88,9.78,8.22,5.05,9.93,8.93,72.67,3.82,Medium
EMP05293,44,17,80.58,6,78,42,78.89,5.04,6.93,7.96,6.37,8.56,92.47,10.41,Medium
EMP05294,41,9,92.35,7,36,23,66.92,8.5,9.74,6.77,5.36,7.25,97.4,6.05,Medium
EMP05295,58,20,82.81,0,52,69,92.22,6.46,8.34,9.88,7.69,7.19,74.21,3.78,Medium
EMP05296,49,13,98.9,9,76,24,81.51,7.39,9.32,6.93,6.56,9.53,85.26,10.05,Medium
EMP05297,38,2,98.66,3,66,62,91.76,7.85,5.57,6.57,6.79,8.58,77.37,9.3,Medium
EMP05298,49,4,84.51,3,43,65,65.12,7.81,7.25,7.83,6.77,8.1,93.38,7.79,Medium
EMP05299,23,29,92.29,9,34,56,92.82,8.88,5.21,8.65,6.24,9.32,63.09,4.15,Medium
EMP05300,46,25,80.56,8,48,40,98.33,9.12,9.48,9.83,9.84,6.66,93.17,9.38,Medium
EMP05301,27,2,98.64,5,51,67,74.1,5.37,5.73,5.35,6.33,6.43,75.75,1.21,Low
EMP05302,32,4,90.46,3,52,50,71.36,8.52,9.03,7.1,7.79,6.05,72.81,4.08,Medium
EMP05303,59,18,80.86,0,48,73,85.87,7.0,9.62,8.32,6.19,7.6,97.6,10.48,Medium
EMP05304,27,5,86.85,7,34,67,85.44,9.09,7.21,5.02,8.81,9.94,65.25,3.57,Medium
EMP05305,32,19,81.54,8,46,54,64.5,8.04,6.95,7.45,6.15,9.64,54.12,7.93,Low
EMP05306,35,10,87.86,4,53,25,97.07,5.05,8.0,9.03,8.07,7.28,83.59,6.27,Medium
EMP05307,23,18,93.4,4,23,20,79.16,8.33,8.7,5.25,9.17,5.56,63.15,5.72,Medium
EMP05308,24,25,89.4,9,68,18,90.58,9.63,8.23,6.7,6.36,9.37,82.09,8.55,Medium
EMP05309,56,21,87.67,7,67,67,74.37,5.42,5.01,7.0,9.02,9.61,52.8,1.42,Medium
EMP05310,54,10,82.38,7,37,41,70.46,7.47,8.93,8.58,5.46,5.86,78.11,6.48,Low
EMP05311,45,5,84.9,4,40,69,64.45,8.13,5.74,6.48,5.58,9.42,61.86,5.84,Low
EMP05312,40,17,82.0,3,67,38,70.98,5.98,7.25,6.23,7.0,7.23,53.76,9.26,Low
EMP05313,39,22,96.15,5,27,19,99.74,8.25,6.41,5.58,7.03,5.06,52.78,5.69,Low
EMP05314,45,13,82.7,9,25,64,86.32,5.25,9.64,9.98,7.58,9.72,97.88,10.95,Medium
EMP05315,56,23,91.91,4,73,68,92.11,9.53,7.51,7.36,5.12,5.21,63.27,11.92,Low
EMP05316,22,17,86.85,7,39,71,98.34,8.81,7.61,5.24,5.59,5.17,79.09,10.63,Low
EMP05317,57,9,84.52,8,21,17,63.16,9.71,5.38,5.38,5.05,9.82,74.23,9.76,Low
EMP05318,46,24,92.79,0,70,21,66.59,7.09,9.49,5.64,9.77,6.07,68.15,8.89,Low
EMP05319,55,12,89.14,8,64,38,97.12,5.17,6.2,6.06,6.57,7.78,77.13,7.17,Medium
EMP05320,46,14,88.0,8,41,36,82.58,6.71,7.07,8.7,8.44,9.71,77.98,9.66,Medium
EMP05321,37,14,91.86,5,73,26,85.39,7.58,9.93,7.79,8.04,9.7,91.86,7.63,Medium
EMP05322,55,8,89.83,9,40,49,77.11,9.68,5.57,8.88,8.62,5.87,69.31,11.58,Medium
EMP05323,50,23,86.07,4,25,31,92.58,9.42,8.59,5.1,9.41,7.57,67.64,10.78,Medium
EMP05324,40,5,91.18,6,78,17,80.69,7.97,6.3,6.33,6.17,5.03,83.96,7.34,Low
EMP05325,44,19,93.39,7,51,25,93.05,8.65,7.1,7.03,7.13,5.45,68.59,5.67,Medium
EMP05326,40,28,80.53,8,25,20,99.69,9.77,7.09,7.15,6.64,9.74,75.55,3.17,Medium
EMP05327,46,14,89.32,8,32,57,85.87,9.25,9.66,5.27,5.41,7.08,58.66,3.69,Low
EMP05328,37,9,81.15,9,20,50,81.15,8.29,5.05,7.56,5.16,5.75,64.19,3.41,Low
EMP05329,30,7,83.73,2,41,31,74.61,7.7,6.84,6.43,8.82,8.16,60.06,10.81,Low
EMP05330,22,27,91.21,7,72,36,67.79,7.38,9.26,5.96,5.65,5.87,92.03,11.08,Low
EMP05331,40,26,97.32,0,43,15,86.27,8.78,9.55,8.36,5.08,9.9,89.9,4.52,Medium
EMP05332,54,26,97.66,6,60,58,62.51,9.04,6.56,5.42,7.19,8.35,69.61,8.72,Medium
EMP05333,55,8,81.4,4,49,70,98.25,6.09,6.21,9.34,6.61,6.84,72.01,2.37,Low
EMP05334,37,14,88.38,1,41,17,85.9,7.37,7.31,9.5,5.33,6.91,70.53,7.18,Low
EMP05335,39,22,91.66,1,63,30,98.37,8.86,8.73,6.63,5.26,9.58,59.64,4.29,Medium
EMP05336,55,28,82.94,7,31,49,70.89,8.38,5.77,9.93,9.57,9.48,89.17,11.46,Medium
EMP05337,46,14,95.31,4,45,28,97.86,7.96,8.92,7.01,9.7,9.75,91.45,2.5,High
EMP05338,27,11,94.88,2,23,63,84.49,6.62,7.56,9.81,7.41,7.27,80.5,2.49,Medium
EMP05339,42,14,98.07,0,38,65,92.41,8.05,5.7,9.93,9.24,9.25,87.11,9.48,Medium
EMP05340,27,21,80.17,6,35,21,67.16,8.06,8.36,9.13,9.0,7.42,82.63,4.43,Medium
EMP05341,53,8,84.33,2,77,40,80.0,7.16,8.14,5.62,7.9,8.16,55.13,3.81,Low
EMP05342,52,3,96.54,6,31,70,82.76,9.8,8.11,7.92,8.75,7.54,77.55,3.31,Medium
EMP05343,31,28,93.41,1,52,57,75.71,8.27,8.77,8.66,9.65,8.04,67.35,3.78,Medium
EMP05344,51,29,97.89,3,74,62,70.13,9.25,5.91,5.39,7.83,7.55,61.01,11.88,Low
EMP05345,39,29,81.14,1,40,45,96.19,5.64,8.49,9.47,7.56,5.77,83.24,5.99,Medium
EMP05346,45,23,91.94,3,55,38,63.4,8.78,9.44,9.26,5.02,5.54,94.44,3.75,Low
EMP05347,30,18,91.38,4,28,33,66.16,8.01,7.65,9.67,7.71,9.71,99.99,1.7,Medium
EMP05348,52,3,80.71,7,58,51,72.82,6.54,7.43,7.57,9.09,7.55,78.86,2.33,Medium
EMP05349,36,13,90.27,1,61,15,96.79,5.68,8.99,6.62,8.81,9.71,83.62,8.22,Medium
EMP05350,25,12,92.19,9,64,39,82.57,6.9,5.73,7.53,8.23,8.43,82.57,3.86,Medium
EMP05351,30,15,83.83,2,27,70,74.93,7.21,6.7,8.65,5.12,5.44,84.75,7.11,Low
EMP05352,30,18,85.47,9,39,24,76.11,5.7,9.27,7.08,9.63,6.01,62.31,7.08,Low
EMP05353,47,5,92.81,4,29,32,93.51,8.35,7.5,6.76,7.15,8.84,57.97,4.98,Medium
EMP05354,25,7,89.37,8,51,56,61.07,6.54,9.2,5.39,7.86,5.89,70.37,8.85,Low
EMP05355,38,11,97.16,9,47,15,60.45,9.03,6.26,7.24,6.99,5.04,73.29,1.37,Low
EMP05356,37,26,86.85,4,29,43,61.84,8.24,6.95,6.96,6.74,5.56,88.17,5.59,Low
EMP05357,36,27,85.33,8,27,27,78.77,6.55,9.12,8.32,7.55,7.38,81.14,5.78,Medium
EMP05358,56,11,99.7,3,71,18,83.25,6.8,5.82,7.19,7.47,5.82,77.61,2.37,Medium
EMP05359,26,27,98.22,9,66,71,84.98,9.71,9.47,5.02,6.78,5.23,74.92,1.17,Medium
EMP05360,26,15,80.58,4,52,26,89.25,9.74,6.55,7.42,9.02,8.72,61.15,6.88,Medium
EMP05361,41,10,95.41,8,78,70,67.59,7.09,9.86,8.87,5.25,9.86,68.64,4.24,Low
EMP05362,36,15,82.21,3,66,62,70.49,8.4,9.14,9.73,5.59,9.89,55.47,11.25,Low
EMP05363,39,13,80.55,4,75,33,69.74,9.9,7.28,5.96,5.41,9.5,53.29,8.76,Low
EMP05364,23,14,85.47,4,68,40,65.97,9.97,8.71,7.11,7.82,5.1,50.66,1.97,Low
EMP05365,50,17,85.39,3,32,58,69.78,5.36,7.78,9.24,7.06,6.2,54.38,8.21,Low
EMP05366,34,13,96.39,3,63,52,84.55,7.77,9.27,5.21,7.26,5.69,79.75,10.63,Medium
EMP05367,25,10,94.21,4,54,30,74.66,8.63,7.59,6.75,7.88,8.2,98.58,11.53,Medium
EMP05368,31,25,99.63,5,74,58,90.72,5.93,9.94,7.96,6.62,9.25,51.43,4.44,Low
EMP05369,52,1,94.23,6,70,39,81.46,9.11,5.67,6.71,5.92,7.86,89.16,5.82,Medium
EMP05370,29,1,88.37,5,48,72,68.48,7.34,8.38,7.45,6.53,6.73,83.27,8.1,Low
EMP05371,24,15,93.98,0,75,70,78.7,7.49,6.23,9.7,9.97,9.56,92.94,11.0,Medium
EMP05372,30,16,99.99,1,24,24,83.73,6.37,5.96,5.12,9.76,7.53,97.27,8.44,Medium
EMP05373,51,12,94.2,6,22,51,94.65,6.5,7.04,5.39,9.78,5.87,90.65,5.23,Medium
EMP05374,32,26,95.23,2,72,42,93.35,5.42,6.84,5.98,5.14,7.67,89.89,1.99,Medium
EMP05375,56,24,98.77,9,56,42,77.06,9.66,5.23,6.92,5.45,5.09,54.31,2.59,Low
EMP05376,58,6,82.27,1,75,39,85.91,6.91,7.14,7.35,5.23,5.19,67.95,7.03,Low
EMP05377,34,6,94.1,5,79,39,71.91,5.81,9.76,5.18,9.08,8.14,80.83,3.62,Medium
EMP05378,57,12,97.02,3,60,65,85.32,5.71,7.33,9.41,9.96,8.62,50.85,5.95,Medium
EMP05379,34,25,99.09,4,25,26,96.51,7.04,6.51,8.79,7.71,5.69,73.73,5.48,Medium
EMP05380,33,15,84.22,5,67,22,84.98,8.16,9.75,6.34,8.5,7.67,50.42,7.28,Low
EMP05381,58,4,90.08,2,61,50,72.15,8.89,7.53,6.28,6.76,8.86,87.08,4.67,Medium
EMP05382,31,24,93.61,0,35,72,85.76,9.62,6.44,5.13,8.83,9.41,63.28,6.07,Medium
EMP05383,30,4,84.95,2,54,53,96.11,8.18,8.91,7.0,8.28,7.37,87.75,7.4,Medium
EMP05384,28,2,92.01,2,37,72,65.48,7.1,6.12,6.27,9.0,5.61,74.0,7.53,Low
EMP05385,23,27,85.15,5,30,38,79.3,7.11,6.24,8.09,7.5,5.35,55.4,6.15,Low
EMP05386,44,24,86.67,3,70,37,72.84,7.87,6.62,7.74,5.97,9.28,95.96,8.86,Medium
EMP05387,42,12,88.83,6,76,51,69.66,7.69,6.97,9.79,7.38,5.39,84.9,5.29,Low
EMP05388,44,7,90.58,1,42,25,75.85,8.2,7.91,8.98,6.56,9.09,86.22,9.67,Medium
EMP05389,50,20,88.99,3,66,31,75.76,7.52,7.58,5.4,8.47,7.18,61.54,11.83,Low
EMP05390,35,9,89.86,7,30,42,68.42,5.29,8.72,8.52,5.68,7.18,56.28,9.35,Low
EMP05391,47,9,85.97,5,78,70,76.15,7.5,8.59,5.54,6.66,7.59,97.72,9.58,Medium
EMP05392,26,8,83.18,9,76,67,85.35,5.11,5.23,6.62,5.03,5.68,67.31,10.59,Low
EMP05393,52,14,80.95,2,48,17,61.03,5.9,5.67,7.78,9.08,8.71,61.72,2.14,Low
EMP05394,46,1,83.92,9,73,16,99.57,6.94,6.08,7.48,7.03,6.5,93.92,7.17,Medium
EMP05395,52,23,91.64,1,75,65,71.84,7.76,7.99,8.47,8.88,7.99,73.17,8.39,Medium
EMP05396,41,21,95.72,2,61,43,84.95,5.92,9.48,9.05,5.49,5.03,82.71,11.07,Low
EMP05397,38,23,83.38,0,46,71,71.34,6.38,6.62,9.15,5.97,6.41,63.31,10.17,Low
EMP05398,23,12,82.17,0,28,48,75.74,6.87,9.82,5.29,9.25,5.2,98.46,5.28,Medium
EMP05399,46,25,94.99,1,54,28,81.97,5.99,5.86,8.21,7.98,6.57,73.7,4.43,Medium
EMP05400,34,2,86.1,2,74,72,84.47,9.99,9.62,9.81,5.03,5.63,71.22,4.26,Low
EMP05401,49,13,99.03,8,28,47,90.82,9.02,9.01,8.78,9.53,5.35,53.23,3.75,Medium
EMP05402,27,27,94.29,7,37,62,91.67,9.05,6.95,7.6,9.92,9.24,85.4,4.4,High
EMP05403,24,4,86.54,8,63,61,80.75,7.84,6.03,9.99,8.31,6.82,77.05,9.08,Medium
EMP05404,56,20,85.79,6,74,32,63.03,9.81,6.96,5.22,8.64,9.13,98.31,2.27,Medium
EMP05405,39,18,90.47,6,40,43,82.31,8.66,6.07,5.44,5.67,9.46,56.38,9.08,Low
EMP05406,32,19,81.58,4,75,16,79.1,6.65,7.81,8.84,8.83,7.53,69.55,3.14,Medium
EMP05407,41,16,82.35,6,67,74,68.62,8.05,7.87,7.75,5.49,7.84,62.7,7.86,Low
EMP05408,26,27,83.52,3,55,25,60.41,7.72,8.84,5.62,9.45,8.23,83.38,7.56,Medium
EMP05409,40,14,95.49,4,20,45,72.64,7.9,7.64,6.88,7.52,8.22,53.58,7.52,Low
EMP05410,43,29,90.28,0,46,67,70.38,9.09,6.73,5.32,5.71,7.65,99.63,4.42,Medium
EMP05411,40,8,80.21,3,64,63,79.32,7.55,9.56,7.63,5.44,7.97,85.72,2.65,Medium
EMP05412,37,12,93.47,2,77,27,90.46,8.64,5.39,5.52,7.2,7.21,69.06,9.71,Medium
EMP05413,45,9,88.47,1,59,58,77.56,6.25,9.04,5.03,5.03,9.58,68.42,3.66,Low
EMP05414,25,6,90.22,1,57,40,98.06,9.66,7.05,6.61,9.81,8.61,74.02,1.87,Medium
EMP05415,36,26,84.28,7,48,70,68.85,5.43,5.91,6.17,5.85,6.57,84.89,2.74,Low
EMP05416,46,18,91.04,0,59,48,68.84,9.97,5.6,6.81,7.1,6.68,79.57,2.26,Medium
EMP05417,56,2,99.58,7,38,68,84.18,8.16,6.1,6.75,8.03,7.28,74.2,8.86,Medium
EMP05418,35,23,81.47,8,43,67,95.85,7.35,5.61,8.15,8.37,5.16,59.77,9.2,Low
EMP05419,40,8,85.68,5,75,64,86.87,6.55,7.29,8.4,7.82,9.96,58.69,4.72,Medium
EMP05420,59,24,84.86,0,63,24,86.95,7.03,6.75,5.64,5.89,7.34,95.79,9.41,Medium
EMP05421,57,14,84.97,9,20,26,92.25,8.91,6.78,7.44,7.36,8.88,77.58,10.22,Medium
EMP05422,28,6,87.57,6,55,63,86.75,5.7,5.78,9.45,6.61,5.79,79.0,6.25,Low
EMP05423,51,10,96.36,4,42,36,90.37,6.26,8.3,5.74,5.45,8.05,71.64,10.1,Low
EMP05424,40,8,98.26,8,32,60,94.65,5.62,8.04,9.83,6.94,6.91,85.41,6.54,Medium
EMP05425,46,17,84.04,6,49,68,60.32,7.13,9.91,5.1,8.04,9.45,90.08,9.9,Medium
EMP05426,37,25,90.86,4,78,45,95.42,6.94,5.84,5.5,5.51,9.66,70.56,5.85,Medium
EMP05427,29,29,92.74,1,68,33,68.61,8.24,9.17,5.89,5.82,8.12,52.63,1.65,Low
EMP05428,39,12,90.44,3,70,59,96.48,9.98,5.17,7.35,5.43,5.3,62.62,3.42,Low
EMP05429,49,17,88.68,1,70,38,70.65,9.46,5.37,6.5,5.01,7.33,91.08,4.34,Medium
EMP05430,37,13,83.84,8,73,39,78.21,9.4,8.24,7.09,9.68,5.08,78.01,5.85,Medium
EMP05431,40,19,89.76,1,56,49,97.36,8.23,7.03,9.7,9.19,7.59,94.06,6.22,Medium
EMP05432,38,12,88.02,1,79,71,64.39,6.35,6.15,6.71,6.16,7.51,69.09,11.73,Low
EMP05433,34,16,95.91,1,30,22,89.81,6.92,5.01,9.24,7.89,7.09,65.75,6.23,Medium
EMP05434,28,25,95.27,0,26,19,75.7,6.25,8.32,5.36,9.01,6.69,50.07,5.09,Low
EMP05435,48,27,82.68,8,54,36,60.96,5.68,7.2,9.06,6.83,7.89,59.01,4.97,Low
EMP05436,31,5,81.77,7,30,74,97.57,7.18,5.85,9.51,8.7,5.88,66.76,10.74,Medium
EMP05437,55,25,98.16,1,68,42,64.71,9.49,9.86,6.42,9.34,5.13,53.97,5.23,Low
EMP05438,57,16,90.71,1,62,26,90.97,8.72,6.75,7.74,7.49,8.93,80.23,9.64,Medium
EMP05439,46,25,97.16,4,66,47,75.37,9.92,6.52,5.94,9.44,8.93,99.49,3.74,High
EMP05440,27,6,81.16,3,70,67,92.42,5.97,7.55,5.45,6.05,7.9,52.91,5.72,Low
EMP05441,45,11,90.53,1,59,72,90.01,7.5,6.39,8.85,9.51,9.15,69.59,7.31,Medium
EMP05442,39,17,90.79,7,67,30,85.33,8.97,6.36,8.15,9.03,7.56,70.0,7.21,Medium
EMP05443,44,26,97.21,7,40,40,97.57,7.3,9.83,8.76,9.2,5.03,53.49,7.38,Low
EMP05444,27,23,81.95,3,66,26,63.96,6.78,6.31,7.2,5.02,5.74,59.27,9.15,Low
EMP05445,50,14,84.81,3,22,37,91.94,9.08,8.03,6.25,8.32,7.3,72.64,6.61,Medium
EMP05446,46,6,88.13,8,49,63,86.83,7.15,5.19,7.13,7.0,9.31,97.78,3.02,Medium
EMP05447,38,25,97.32,3,43,40,72.59,9.56,5.77,5.32,8.02,6.13,78.51,7.39,Medium
EMP05448,45,23,98.78,9,57,55,81.84,6.34,5.11,6.42,5.42,5.17,54.99,4.28,Low
EMP05449,32,28,99.85,8,22,27,85.79,9.48,7.67,6.49,6.18,7.06,87.11,4.31,Medium
EMP05450,47,11,99.18,2,56,37,89.45,6.39,7.46,8.57,6.76,5.33,92.86,2.41,Medium
EMP05451,55,12,80.12,1,52,45,67.48,6.45,6.65,5.27,8.59,7.75,90.41,11.01,Medium
EMP05452,49,13,80.95,7,41,50,64.08,7.1,8.5,6.23,7.76,5.28,90.92,1.71,Medium
EMP05453,24,4,82.95,2,50,41,64.08,7.58,8.13,6.38,5.07,5.08,90.59,1.42,Low
EMP05454,32,7,86.98,1,65,50,71.75,7.09,8.0,7.76,6.67,9.72,61.14,8.97,Low
EMP05455,59,2,96.6,7,31,73,66.17,9.31,6.68,6.22,9.7,8.33,79.71,8.75,Medium
EMP05456,35,6,97.85,7,64,61,81.43,8.98,6.64,5.66,5.9,5.6,58.13,4.86,Low
EMP05457,47,6,83.74,4,33,56,77.48,6.55,9.37,6.29,6.18,7.78,66.42,9.15,Low
EMP05458,42,18,92.39,8,76,37,95.72,7.56,7.72,7.11,6.54,6.29,70.86,6.37,Low
EMP05459,51,20,98.35,5,31,52,88.7,7.16,6.36,7.63,6.34,8.81,71.6,9.01,Medium
EMP05460,29,8,89.27,4,74,17,68.23,5.28,7.72,5.18,5.61,9.07,71.89,7.0,Low
EMP05461,41,8,82.07,2,46,44,61.83,8.74,6.33,6.55,6.56,7.54,89.18,9.06,Medium
EMP05462,53,29,89.16,6,32,71,88.37,5.91,5.93,8.82,7.7,7.05,81.01,9.5,Medium
EMP05463,43,8,87.52,8,43,46,93.83,9.67,6.41,7.99,8.38,6.59,82.09,4.12,Medium
EMP05464,28,8,91.55,3,57,29,88.04,6.99,8.14,7.28,8.21,5.16,88.43,5.24,Medium
EMP05465,30,1,88.77,6,78,52,85.75,8.11,7.58,7.26,5.81,7.8,60.35,6.55,Low
EMP05466,22,2,80.35,2,72,25,69.97,9.09,5.82,6.84,8.07,7.54,73.22,3.1,Medium
EMP05467,50,12,99.88,1,66,16,79.78,5.9,9.54,6.71,6.79,6.07,92.76,11.67,Medium
EMP05468,29,15,90.87,0,79,40,89.0,7.71,7.49,7.0,9.11,7.66,85.29,11.17,Medium
EMP05469,25,4,89.47,5,73,74,67.73,6.19,8.97,9.35,6.81,7.34,94.0,9.55,Medium
EMP05470,56,28,99.09,4,74,48,79.06,7.55,6.65,7.34,9.88,6.3,72.66,3.18,Medium
EMP05471,24,25,83.12,1,67,15,64.68,7.9,9.79,8.35,8.07,8.72,88.29,5.98,Medium
EMP05472,28,3,83.78,2,28,25,81.23,5.85,8.76,9.04,7.14,6.23,63.3,11.2,Low
EMP05473,48,14,96.16,8,27,19,82.94,7.9,7.27,7.16,7.52,7.26,93.39,7.73,Medium
EMP05474,22,22,85.22,2,56,40,81.42,7.27,9.51,9.2,5.88,7.67,64.83,5.24,Low
EMP05475,48,23,95.98,6,34,20,78.78,7.61,8.59,9.96,8.4,9.06,67.03,2.01,Medium
EMP05476,37,8,85.43,0,26,49,83.5,9.52,7.15,7.52,9.82,7.1,85.88,2.1,Medium
EMP05477,59,13,80.66,6,43,66,99.87,7.42,9.87,7.01,7.57,6.03,87.39,8.46,Medium
EMP05478,28,23,90.34,8,68,19,84.9,7.38,6.49,9.03,9.96,5.07,52.63,4.43,Low
EMP05479,44,19,83.93,7,35,66,90.1,7.35,6.28,8.25,5.75,6.26,57.51,6.46,Low
EMP05480,32,22,95.16,6,43,23,67.68,8.12,9.47,8.07,8.19,8.75,62.49,9.27,Medium
EMP05481,54,5,92.82,9,62,42,81.2,6.84,8.54,9.43,8.39,9.1,99.99,3.01,Medium
EMP05482,57,13,98.47,7,26,33,60.3,9.01,6.73,8.25,6.56,8.0,91.12,1.85,Medium
EMP05483,58,28,95.66,3,62,19,61.26,6.43,6.16,8.21,6.76,9.74,85.75,5.14,Medium
EMP05484,38,26,83.62,1,79,37,72.9,6.5,5.89,6.03,9.73,7.61,98.17,2.79,Medium
EMP05485,56,20,96.0,8,47,58,78.66,7.94,6.57,8.44,8.06,7.4,84.36,6.61,Medium
EMP05486,26,1,92.83,2,21,58,83.03,6.3,5.63,9.56,8.91,9.16,84.58,7.08,Medium
EMP05487,53,16,93.38,3,53,30,95.52,5.45,5.73,7.88,8.63,5.83,94.91,2.22,Medium
EMP05488,24,29,96.65,6,79,21,90.87,6.03,8.88,9.52,8.05,5.08,65.1,9.72,Low
EMP05489,56,23,91.48,1,57,28,72.0,9.57,5.32,6.7,5.24,9.41,50.09,1.26,Low
EMP05490,35,24,89.32,7,22,36,89.74,5.05,7.2,5.21,8.31,7.67,85.75,4.79,Medium
EMP05491,52,2,92.73,9,20,23,81.98,5.67,7.02,7.23,6.72,8.72,57.81,1.51,Low
EMP05492,52,7,85.96,7,50,61,91.17,8.79,9.8,5.02,7.35,8.14,64.36,8.78,Medium
EMP05493,38,6,83.65,4,75,37,76.44,9.9,7.33,5.77,9.26,8.32,91.13,10.66,Medium
EMP05494,45,5,92.33,8,42,57,63.68,8.44,5.8,5.95,9.84,7.94,88.9,4.83,Medium
EMP05495,44,29,84.68,7,39,18,84.74,9.61,5.44,7.67,8.47,8.63,73.74,4.61,Medium
EMP05496,39,4,81.6,0,35,57,82.28,9.28,8.66,9.75,6.16,5.57,55.22,8.64,Low
EMP05497,35,2,80.01,8,65,40,98.14,7.4,5.74,5.1,6.59,6.25,64.92,10.59,Low
EMP05498,36,10,92.17,4,51,55,66.49,6.67,9.69,6.18,5.69,7.4,73.78,10.76,Low
EMP05499,36,22,87.24,8,36,20,86.25,8.16,7.8,9.85,7.9,8.58,88.41,7.43,Medium
EMP05500,27,5,95.05,8,37,45,78.96,7.67,7.01,9.41,9.65,6.54,99.24,7.53,Medium
EMP05501,48,18,87.5,9,76,31,75.16,5.13,8.42,9.17,9.05,9.04,81.28,7.81,Medium
EMP05502,36,10,89.72,9,23,23,91.78,9.79,5.99,5.46,7.72,5.33,52.67,6.59,Low
EMP05503,57,23,88.14,2,54,41,92.43,7.85,6.91,8.22,9.71,8.95,61.06,6.84,Medium
EMP05504,29,22,93.01,7,59,69,88.58,9.37,5.17,6.02,9.48,8.5,62.98,2.04,Medium
EMP05505,36,28,87.12,6,55,20,63.34,8.67,9.39,8.26,6.81,5.33,81.72,11.81,Low
EMP05506,24,15,99.28,6,42,20,73.8,6.7,7.13,7.14,7.75,5.16,50.92,1.68,Low
EMP05507,34,27,98.72,9,34,18,61.87,9.51,8.79,8.18,6.48,9.2,75.33,6.28,Medium
EMP05508,55,9,96.96,1,32,66,73.75,8.95,9.58,7.14,5.04,5.72,99.79,9.64,Medium
EMP05509,45,11,98.41,1,33,57,85.92,7.15,8.26,9.54,7.26,6.27,88.43,7.41,Medium
EMP05510,53,26,88.98,1,33,17,80.75,9.2,6.88,5.13,8.75,9.48,88.47,2.06,Medium
EMP05511,53,21,90.73,1,56,38,88.12,6.36,8.1,5.96,8.17,6.71,87.27,7.11,Medium
EMP05512,51,25,94.84,3,24,70,82.06,8.35,6.8,9.16,9.63,7.65,84.17,10.96,Medium
EMP05513,34,25,93.92,6,78,32,82.23,5.57,7.84,8.68,8.43,5.16,64.92,7.84,Low
EMP05514,22,29,97.81,1,41,46,80.44,9.33,7.16,5.93,5.71,7.85,89.15,9.57,Medium
EMP05515,55,17,94.33,4,47,62,74.57,8.65,5.75,5.61,6.33,8.57,82.29,6.09,Medium
EMP05516,36,21,99.96,6,64,35,77.86,5.76,8.9,6.56,5.63,7.83,61.45,4.43,Low
EMP05517,35,9,86.97,8,23,62,64.5,5.11,7.48,7.41,8.97,9.04,98.95,3.2,Medium
EMP05518,50,23,96.66,7,69,43,93.38,6.95,5.95,5.23,9.75,8.88,99.23,10.34,High
EMP05519,55,16,93.95,8,57,46,95.57,8.38,9.46,9.23,6.13,7.4,68.7,8.77,Medium
EMP05520,39,6,93.83,6,48,39,90.65,6.42,9.27,7.6,8.83,8.23,87.66,2.96,Medium
EMP05521,28,22,86.52,2,56,26,83.34,9.87,7.79,9.6,7.19,6.38,84.07,7.07,Medium
EMP05522,50,11,95.71,0,54,60,82.77,9.67,9.85,6.63,6.78,6.79,79.2,8.81,Medium
EMP05523,52,23,98.01,9,39,23,78.81,7.99,9.64,5.24,9.93,8.11,59.04,7.25,Medium
EMP05524,46,17,84.37,6,54,21,69.25,6.58,9.49,9.36,6.73,8.3,73.39,11.44,Low
EMP05525,59,4,92.51,5,54,28,75.35,9.48,5.67,5.75,8.31,5.43,86.5,3.03,Medium
EMP05526,35,29,87.84,1,39,34,99.6,9.02,6.47,6.68,8.56,9.1,99.42,8.86,High
EMP05527,29,15,99.79,0,21,34,65.83,5.43,7.05,7.32,8.87,8.19,80.68,7.78,Medium
EMP05528,48,1,89.58,9,71,24,81.71,7.38,9.16,7.46,9.31,6.64,87.61,11.11,Medium
EMP05529,23,22,84.57,3,77,25,94.66,9.91,9.36,5.12,7.83,6.13,95.69,10.49,Medium
EMP05530,38,29,87.64,3,78,53,78.12,7.27,8.76,7.63,8.02,8.02,80.69,8.13,Medium
EMP05531,58,20,93.08,5,37,33,84.22,9.66,7.36,5.39,8.56,8.48,88.23,5.8,Medium
EMP05532,35,1,81.52,4,49,33,93.11,9.89,5.81,6.63,5.74,9.64,72.9,2.8,Medium
EMP05533,46,9,92.07,8,61,67,81.9,6.94,5.18,9.88,6.0,5.92,64.59,9.83,Low
EMP05534,51,12,98.62,7,75,57,89.26,9.82,8.5,6.4,8.82,7.51,74.65,10.07,Medium
EMP05535,50,4,97.01,8,77,20,73.89,5.69,9.97,9.06,5.67,9.78,54.45,4.98,Low
EMP05536,41,28,81.35,9,72,22,89.32,5.8,6.73,7.55,8.44,9.55,96.5,3.49,Medium
EMP05537,42,22,99.87,6,48,15,61.64,6.38,7.84,6.01,5.16,7.39,65.52,11.25,Low
EMP05538,43,13,93.97,8,58,37,66.12,7.34,9.05,8.61,6.69,7.76,73.05,6.16,Low
EMP05539,56,7,83.25,2,78,54,85.49,5.91,5.93,7.78,8.31,9.58,82.67,9.1,Medium
EMP05540,58,8,80.25,8,71,51,77.96,6.7,9.15,7.67,8.53,5.16,75.22,7.84,Low
EMP05541,37,28,83.43,1,77,74,93.13,5.52,8.13,5.15,8.15,9.88,64.14,8.7,Medium
EMP05542,38,13,96.76,8,41,24,73.68,7.15,7.85,6.67,7.21,9.88,99.21,1.2,Medium
EMP05543,37,11,80.43,5,48,16,90.69,9.14,8.81,8.67,6.27,9.72,92.41,7.89,Medium
EMP05544,23,9,84.66,3,79,50,65.56,7.98,6.2,8.98,8.07,9.83,55.14,7.05,Low
EMP05545,25,25,95.15,1,65,68,97.21,9.05,8.07,9.07,5.92,6.52,68.37,9.29,Low
EMP05546,42,24,91.72,9,29,71,76.74,5.68,6.2,5.19,5.3,5.19,59.71,11.32,Low
EMP05547,55,16,95.65,2,39,16,69.24,7.0,5.9,5.81,5.1,6.42,73.93,10.13,Low
EMP05548,51,10,94.92,4,35,29,91.57,5.2,8.12,9.93,6.34,6.73,60.44,5.86,Low
EMP05549,27,11,81.01,8,25,34,97.92,6.85,6.35,5.78,5.15,6.76,65.61,7.55,Low
EMP05550,38,12,97.85,6,36,56,96.72,8.07,8.57,6.07,6.25,8.4,76.04,3.62,Medium
EMP05551,46,28,84.54,2,25,35,69.52,7.84,7.57,9.01,6.45,9.32,57.2,1.03,Low
EMP05552,26,14,91.07,3,41,44,86.88,5.3,8.47,6.97,6.72,6.11,93.05,2.6,Medium
EMP05553,26,19,92.89,1,37,70,81.87,5.31,9.46,5.58,8.57,7.24,68.13,1.79,Medium
EMP05554,41,12,83.37,7,51,38,89.0,6.53,5.69,5.63,7.21,6.89,95.71,9.25,Medium
EMP05555,37,18,99.52,5,47,16,79.48,8.86,5.33,5.42,9.93,8.82,51.5,3.06,Medium
EMP05556,58,21,89.76,2,61,52,78.79,5.1,7.0,5.9,9.74,6.59,88.59,2.23,Medium
EMP05557,30,17,81.15,4,29,36,95.31,8.08,8.58,7.48,9.91,5.28,93.25,4.14,Medium
EMP05558,26,3,98.75,4,60,43,94.85,5.92,9.43,5.08,7.06,6.67,99.23,11.27,Medium
EMP05559,23,1,91.73,0,41,28,91.5,9.72,5.17,5.59,5.22,6.77,56.59,4.02,Low
EMP05560,30,29,93.98,4,47,19,88.2,7.15,8.96,9.54,9.3,9.11,71.69,8.23,Medium
EMP05561,57,19,90.5,5,34,38,87.13,5.24,5.38,9.38,7.17,7.74,88.02,10.17,Medium
EMP05562,43,29,96.69,9,62,40,62.25,8.57,7.9,9.17,8.21,7.62,75.68,10.12,Medium
EMP05563,43,4,80.66,9,48,16,89.98,7.42,6.72,8.53,9.22,7.99,91.04,11.38,Medium
EMP05564,43,23,85.37,1,26,60,85.52,9.41,5.09,8.31,8.04,7.81,99.2,4.99,Medium
EMP05565,55,28,89.39,2,69,59,72.1,8.26,5.49,6.38,8.68,8.41,87.83,6.37,Medium
EMP05566,50,16,81.53,9,53,48,92.8,8.46,6.77,6.67,6.24,9.52,87.11,3.61,Medium
EMP05567,59,12,94.12,4,51,37,93.3,8.84,9.77,6.18,5.98,9.38,78.39,1.71,Medium
EMP05568,54,21,87.87,2,21,55,97.29,7.1,5.77,9.9,7.78,7.48,73.16,11.76,Medium
EMP05569,39,21,85.45,4,45,49,76.73,8.96,6.36,8.17,8.19,9.23,91.75,10.53,Medium
EMP05570,28,13,80.07,4,64,29,82.05,5.25,9.97,9.83,9.36,9.32,61.64,4.47,Medium
EMP05571,22,17,94.4,7,30,69,96.24,8.83,7.4,6.36,9.11,8.95,93.07,9.69,High
EMP05572,54,8,96.68,9,44,17,72.67,8.18,6.31,8.11,9.95,5.21,91.87,10.13,Medium
EMP05573,22,13,87.9,8,38,26,91.87,7.83,8.08,8.79,9.83,8.31,86.86,3.7,Medium
EMP05574,45,20,91.28,7,39,52,99.68,6.59,7.18,5.47,8.12,6.57,84.79,11.27,Medium
EMP05575,25,26,84.55,2,52,65,86.08,5.57,9.29,8.33,7.52,9.37,50.4,4.53,Low
EMP05576,25,5,92.44,0,36,31,99.35,8.24,5.04,5.85,8.8,6.42,99.52,7.25,Medium
EMP05577,39,18,80.24,2,71,52,80.63,7.36,9.98,6.64,6.31,9.59,69.6,9.77,Low
EMP05578,48,15,89.77,0,49,41,66.12,6.09,5.33,8.58,6.76,8.08,68.99,7.49,Low
EMP05579,53,12,92.88,8,37,33,67.02,5.22,7.69,7.2,8.84,8.23,99.42,3.85,Medium
EMP05580,54,29,98.36,2,51,63,89.25,7.69,8.49,9.61,9.75,9.44,62.09,11.26,Medium
EMP05581,49,17,87.63,7,59,62,60.04,5.63,7.75,6.21,9.48,9.93,97.66,1.04,Medium
EMP05582,57,25,95.3,5,64,35,86.48,9.65,6.5,5.77,5.36,6.55,69.26,6.77,Low
EMP05583,27,15,91.95,2,23,54,66.05,5.75,9.28,6.69,6.16,5.44,54.91,1.49,Low
EMP05584,37,2,98.54,8,51,38,99.37,5.16,7.15,9.26,6.37,8.62,76.15,8.2,Medium
EMP05585,55,6,87.97,7,38,38,66.53,6.31,6.5,9.24,6.92,5.35,85.31,1.47,Low
EMP05586,44,17,86.38,2,22,33,82.1,5.87,8.84,6.85,5.35,7.67,80.45,1.62,Low
EMP05587,45,16,97.74,6,57,45,86.78,8.96,5.73,9.05,6.15,6.73,97.61,6.42,Medium
EMP05588,34,17,80.98,4,47,54,92.78,6.45,6.03,5.39,8.58,6.95,69.19,8.57,Medium
EMP05589,39,25,82.73,1,57,34,78.37,6.23,6.26,5.04,6.22,6.18,72.1,5.63,Low
EMP05590,34,20,81.65,7,73,29,97.35,9.97,7.17,9.32,9.71,8.5,62.3,11.05,Medium
EMP05591,58,9,96.86,0,25,54,79.21,5.75,5.1,9.37,7.12,7.86,78.89,11.2,Medium
EMP05592,38,27,80.21,3,75,49,70.08,5.42,9.96,5.72,5.5,9.76,96.98,5.94,Medium
EMP05593,36,5,97.23,3,59,62,83.72,6.53,8.0,6.49,9.21,6.78,67.28,7.62,Medium
EMP05594,39,23,89.03,9,76,49,86.32,7.03,9.85,9.25,9.58,6.97,55.75,11.77,Low
EMP05595,44,1,80.08,4,36,47,80.3,8.8,9.04,5.42,9.64,5.83,68.31,10.04,Medium
EMP05596,51,6,88.03,3,61,54,89.33,9.78,5.67,9.32,7.47,8.06,94.16,2.48,Medium
EMP05597,55,24,83.74,0,75,70,76.83,8.82,6.05,7.87,9.6,5.47,95.01,1.78,Medium
EMP05598,25,14,92.49,6,24,55,60.17,8.63,5.17,8.29,8.55,9.84,56.1,7.26,Medium
EMP05599,24,17,93.59,9,38,68,70.58,9.96,9.17,7.97,5.98,9.55,88.23,10.27,Medium
EMP05600,28,25,89.75,1,62,58,97.84,8.83,7.97,7.91,7.67,8.5,57.08,9.33,Medium
EMP05601,39,19,80.81,9,61,32,90.53,5.7,6.08,5.93,7.16,6.59,94.22,7.89,Medium
EMP05602,28,1,93.12,2,54,31,67.58,7.31,9.85,6.18,7.26,6.78,73.76,10.18,Low
EMP05603,27,1,96.84,4,41,22,62.67,7.52,8.68,7.9,7.07,5.44,94.94,2.43,Medium
EMP05604,43,13,94.41,7,43,72,74.03,6.52,8.53,7.01,5.88,6.24,53.72,6.18,Low
EMP05605,22,14,96.6,9,29,34,93.45,5.82,6.33,7.71,6.95,6.77,53.82,9.68,Low
EMP05606,25,27,84.01,7,21,25,64.24,8.56,6.57,6.27,7.56,7.24,96.77,2.76,Medium
EMP05607,50,6,97.78,1,47,44,81.73,6.39,8.34,7.32,6.43,7.32,88.62,5.11,Medium
EMP05608,42,27,86.44,8,60,41,71.0,8.12,7.97,5.72,5.88,9.43,57.28,6.05,Low
EMP05609,47,6,80.27,5,56,53,89.05,6.61,8.24,5.19,5.99,7.25,94.52,1.83,Medium
EMP05610,35,1,96.87,8,72,28,60.02,7.53,9.39,9.76,5.96,9.79,92.69,1.25,Medium
EMP05611,30,14,98.84,3,36,56,71.09,6.69,5.8,8.62,7.23,5.42,76.89,6.58,Low
EMP05612,33,3,93.11,2,25,29,87.17,7.06,5.58,7.49,6.05,6.05,58.25,10.98,Low
EMP05613,27,23,84.63,4,62,26,81.87,8.66,7.82,7.76,8.59,6.94,71.12,2.13,Medium
EMP05614,41,10,85.03,4,78,34,91.15,9.42,7.5,7.56,6.68,9.44,77.51,2.42,Medium
EMP05615,45,19,89.33,3,24,31,66.31,7.54,7.01,9.49,9.7,5.61,60.48,1.63,Low
EMP05616,48,19,97.96,6,58,54,81.24,8.05,9.52,8.87,5.31,6.78,92.92,4.98,Medium
EMP05617,59,19,82.99,7,26,40,67.83,9.32,7.79,6.63,6.55,5.56,91.68,5.33,Medium
EMP05618,29,28,96.52,4,51,28,85.57,5.72,7.84,6.09,8.69,8.87,51.17,11.82,Low
EMP05619,22,23,85.83,8,23,39,65.25,5.81,6.83,5.33,8.42,6.41,50.98,10.05,Low
EMP05620,45,4,96.17,6,40,40,65.95,6.8,6.72,5.74,7.1,7.17,71.84,5.02,Low
EMP05621,28,20,98.41,6,61,61,73.13,6.55,9.94,7.45,9.35,9.09,96.21,5.19,Medium
EMP05622,40,19,88.55,7,51,39,76.08,9.93,8.12,6.01,5.36,5.84,88.41,5.58,Medium
EMP05623,43,10,87.3,3,75,39,79.94,7.82,9.13,6.56,7.55,9.74,97.92,7.49,Medium
EMP05624,56,27,96.04,9,37,74,83.23,7.62,7.24,5.67,6.0,6.97,64.2,10.64,Low
EMP05625,51,25,90.59,5,52,74,78.75,7.89,5.96,9.61,6.87,6.65,98.41,3.52,Medium
EMP05626,50,2,93.69,4,33,41,61.83,9.38,6.62,5.17,8.5,5.95,76.58,3.7,Medium
EMP05627,43,4,92.46,0,25,57,73.74,6.22,6.73,6.76,5.49,7.34,80.55,11.89,Low
EMP05628,32,24,83.06,8,30,26,62.46,7.55,7.82,6.29,5.22,9.9,61.45,6.38,Low
EMP05629,41,6,96.9,1,65,34,64.72,6.35,5.77,5.04,7.1,7.45,73.07,8.53,Low
EMP05630,50,7,83.92,5,39,30,63.71,8.9,6.94,9.64,6.36,7.26,87.81,9.89,Low
EMP05631,55,16,98.65,7,48,39,66.32,8.89,5.5,6.57,8.6,5.04,67.55,6.38,Low
EMP05632,22,29,85.01,2,77,41,92.52,9.79,7.48,7.51,5.33,6.44,53.48,1.18,Low
EMP05633,52,7,94.68,4,54,66,85.1,7.23,9.74,7.91,9.83,6.14,91.89,9.25,Medium
EMP05634,51,18,85.69,6,35,32,80.27,5.79,6.69,8.05,8.1,5.19,51.67,7.41,Low
EMP05635,39,20,86.36,3,67,24,89.29,9.48,5.25,7.3,7.51,7.23,54.81,10.65,Low
EMP05636,38,26,86.2,4,26,65,98.45,9.45,8.04,7.97,7.06,5.68,81.86,9.81,Medium
EMP05637,59,26,94.96,0,59,64,76.71,6.17,8.17,8.76,8.75,7.51,83.43,5.34,Medium
EMP05638,35,22,91.14,3,78,44,74.7,6.38,7.4,9.76,6.78,7.27,77.49,1.47,Medium
EMP05639,44,19,97.66,6,79,15,99.11,6.57,6.98,8.29,8.88,6.11,53.89,7.05,Low
EMP05640,46,9,86.15,9,55,73,90.85,7.26,9.46,7.31,8.55,8.99,88.84,11.79,Medium
EMP05641,36,29,93.84,6,63,68,91.08,9.15,9.69,7.22,7.76,9.63,79.91,2.89,Medium
EMP05642,43,20,95.06,9,63,18,84.0,5.72,8.37,8.55,9.44,5.67,83.52,6.58,Medium
EMP05643,24,10,83.03,9,50,37,80.28,8.5,7.51,8.14,6.73,5.49,50.15,2.32,Low
EMP05644,40,13,88.01,3,61,21,82.02,6.76,5.34,7.1,5.29,6.72,54.39,11.33,Low
EMP05645,55,18,89.66,5,63,44,86.08,5.98,6.51,6.68,6.88,8.05,86.05,10.1,Medium
EMP05646,56,16,87.11,4,62,40,75.07,6.69,6.43,9.97,9.38,8.16,83.89,6.91,Medium
EMP05647,22,22,86.44,0,62,15,91.29,7.67,5.29,8.83,5.39,8.12,59.92,8.03,Low
EMP05648,42,17,93.73,7,66,74,96.37,9.61,9.22,6.03,8.82,7.88,75.24,8.1,Medium
EMP05649,50,22,84.32,6,25,43,82.85,8.14,9.34,6.46,9.13,6.93,65.62,11.49,Medium
EMP05650,27,13,94.19,4,48,39,75.26,8.04,9.56,9.47,7.14,8.91,81.25,11.68,Medium
EMP05651,58,12,98.7,9,46,54,87.82,5.54,8.71,8.3,5.97,9.77,89.87,8.32,Medium
EMP05652,22,10,91.3,9,62,40,67.29,5.4,8.55,6.55,6.78,7.95,59.4,4.23,Low
EMP05653,22,1,92.23,6,21,31,98.74,5.65,7.39,6.82,6.99,6.1,82.47,8.03,Medium
EMP05654,48,8,81.38,9,75,45,86.32,5.48,9.29,6.89,9.66,7.81,71.72,7.12,Medium
EMP05655,42,21,97.29,2,41,22,62.7,7.88,7.55,5.93,6.42,8.78,59.64,9.68,Low
EMP05656,37,22,85.71,7,78,19,81.19,7.26,5.15,7.56,9.86,9.15,69.83,10.49,Medium
EMP05657,47,18,92.3,4,28,15,90.01,5.02,7.92,8.83,5.54,8.59,55.21,8.01,Low
EMP05658,37,2,99.58,1,30,29,71.11,6.76,6.95,7.82,9.87,9.45,82.88,6.69,Medium
EMP05659,49,16,91.91,1,35,50,62.04,5.64,7.61,8.28,6.12,9.76,99.91,10.43,Medium
EMP05660,22,12,94.49,3,64,21,79.57,9.94,7.2,7.98,5.84,7.46,86.66,5.91,Medium
EMP05661,57,9,88.91,6,32,60,93.34,7.3,7.48,5.29,5.6,7.7,92.6,6.25,Medium
EMP05662,31,3,81.21,9,73,58,70.06,7.13,5.54,5.94,6.58,6.69,61.29,1.19,Low
EMP05663,38,22,95.95,3,73,67,88.68,8.22,5.07,6.75,8.08,8.29,55.31,1.79,Medium
EMP05664,44,26,80.7,8,79,41,76.31,6.79,6.7,9.45,8.33,7.98,50.11,5.73,Low
EMP05665,28,21,94.01,1,37,49,62.39,8.58,6.27,6.74,6.85,5.89,86.48,1.08,Medium
EMP05666,28,28,80.46,5,72,74,72.16,9.52,6.25,6.64,6.15,8.47,91.16,3.24,Medium
EMP05667,36,4,97.25,3,44,41,72.56,7.49,9.69,5.4,9.98,9.03,59.45,8.48,Medium
EMP05668,55,26,83.15,5,52,34,96.19,6.91,9.09,9.86,6.35,5.91,73.91,7.92,Low
EMP05669,25,2,90.29,9,71,32,99.27,7.61,5.07,8.89,6.89,5.82,79.25,7.24,Medium
EMP05670,35,8,91.94,8,29,54,68.39,8.02,5.04,8.83,7.4,8.2,97.91,10.08,Medium
EMP05671,35,10,89.15,9,77,74,77.22,9.24,8.88,6.92,8.7,5.58,95.7,4.98,Medium
EMP05672,37,16,86.82,8,49,16,99.07,6.97,9.92,5.39,5.76,9.05,50.79,8.26,Low
EMP05673,28,23,89.36,8,70,44,76.29,5.26,7.33,6.32,6.33,8.21,52.46,8.09,Low
EMP05674,53,11,86.23,8,68,73,73.97,8.15,7.17,9.26,9.98,5.16,97.95,8.25,Medium
EMP05675,40,18,88.76,2,20,52,64.4,9.93,6.38,5.9,9.13,8.85,52.9,8.41,Medium
EMP05676,23,22,87.18,8,52,44,90.13,9.27,8.33,9.47,7.22,7.55,79.1,9.83,Medium
EMP05677,31,14,91.32,2,68,21,77.88,8.79,7.36,7.68,5.54,7.48,53.96,7.69,Low
EMP05678,38,8,84.76,9,34,53,85.55,5.88,5.84,8.57,9.33,6.56,83.34,10.64,Medium
EMP05679,58,23,99.77,2,48,27,80.39,8.74,7.41,7.27,8.92,6.42,59.21,5.7,Medium
EMP05680,33,15,90.02,4,21,47,66.98,5.41,6.88,9.66,7.9,7.5,51.71,11.71,Low
EMP05681,27,17,83.88,5,30,54,67.05,7.47,9.45,6.2,7.02,5.02,63.94,1.37,Low
EMP05682,43,21,89.54,8,72,71,97.59,6.85,8.86,7.86,9.68,8.98,76.57,2.47,Medium
EMP05683,53,18,97.33,0,53,44,95.58,9.53,8.51,5.35,6.48,8.92,76.75,1.92,Medium
EMP05684,41,6,80.44,7,71,44,84.43,5.8,6.64,7.4,6.6,8.68,88.18,5.82,Medium
EMP05685,22,23,93.59,3,60,37,60.05,8.94,5.7,9.86,9.38,8.01,53.02,7.47,Low
EMP05686,27,14,90.96,9,38,59,77.33,5.24,9.32,5.44,8.13,6.48,50.41,5.87,Low
EMP05687,40,23,83.39,6,21,38,81.22,8.51,6.71,7.53,9.75,8.29,85.71,3.31,Medium
EMP05688,39,3,96.35,5,67,34,77.98,6.47,7.96,8.01,8.23,5.65,97.71,3.55,Medium
EMP05689,27,7,87.38,5,39,42,97.02,9.88,7.95,9.66,5.16,6.32,59.64,9.88,Low
EMP05690,54,15,85.88,6,60,70,61.63,8.36,9.64,6.49,5.88,5.23,57.5,1.59,Low
EMP05691,44,21,96.56,3,71,33,86.2,6.54,5.86,7.51,6.41,9.3,67.15,11.91,Low
EMP05692,44,24,92.77,5,50,63,72.55,6.18,8.86,9.94,9.34,9.14,85.11,8.93,Medium
EMP05693,47,28,97.97,2,79,27,82.38,8.2,7.31,8.85,9.15,7.25,88.09,11.13,Medium
EMP05694,34,16,92.6,4,72,30,86.24,6.36,5.87,9.05,8.95,7.19,96.83,3.01,Medium
EMP05695,28,16,94.82,1,23,70,77.63,5.93,9.18,8.9,7.77,9.63,90.1,7.15,Medium
EMP05696,36,8,96.73,2,48,29,65.93,8.24,9.1,7.58,5.69,8.38,51.39,6.82,Low
EMP05697,48,7,81.09,8,75,25,80.76,8.62,5.2,7.17,5.66,8.55,60.32,7.83,Low
EMP05698,47,6,95.52,5,49,26,97.32,6.19,8.55,6.27,5.63,6.8,67.78,9.55,Low
EMP05699,54,2,92.27,2,32,36,81.44,7.68,5.77,7.33,9.27,6.46,97.35,8.85,Medium
EMP05700,36,22,81.39,1,34,39,64.92,8.32,8.05,5.1,5.71,5.57,80.28,5.32,Low
EMP05701,57,13,90.17,4,39,17,92.97,9.71,8.22,5.49,9.04,5.36,99.82,10.56,Medium
EMP05702,48,12,81.65,9,53,38,68.87,9.02,8.33,6.44,9.22,9.53,65.88,1.16,Medium
EMP05703,26,15,94.72,4,47,39,74.81,7.1,5.6,6.67,5.53,9.53,96.07,3.79,Medium
EMP05704,23,27,90.93,0,39,23,77.15,9.22,7.99,8.54,9.51,6.14,84.93,6.71,Medium
EMP05705,54,9,99.07,2,69,42,73.59,7.21,5.5,5.86,9.49,5.19,94.35,10.45,Medium
EMP05706,37,2,83.66,6,44,60,76.18,5.65,8.73,8.98,8.19,6.73,96.13,5.39,Medium
EMP05707,44,17,92.12,8,46,44,91.82,6.71,5.32,9.0,7.57,9.76,72.65,9.54,Medium
EMP05708,59,27,84.23,4,49,21,68.93,9.02,8.79,7.94,8.24,6.53,93.6,3.92,Medium
EMP05709,37,29,92.28,3,75,74,78.82,9.78,9.42,7.46,7.02,9.33,99.16,11.66,Medium
EMP05710,35,5,94.45,2,60,25,60.8,9.92,6.49,7.34,7.94,9.08,83.36,1.17,Medium
EMP05711,50,11,94.45,9,39,24,80.31,8.2,8.89,7.1,9.85,9.72,62.95,2.95,Medium
EMP05712,47,22,96.3,8,20,17,64.47,7.39,7.09,5.44,5.57,7.48,63.47,1.24,Low
EMP05713,56,19,97.07,6,54,33,71.29,5.81,8.99,8.28,6.17,9.61,87.62,1.19,Medium
EMP05714,36,24,81.55,6,74,16,72.99,5.51,8.43,7.89,7.62,8.71,66.43,10.96,Low
EMP05715,24,7,86.87,7,68,31,63.29,7.59,6.45,5.08,6.29,9.34,70.55,4.03,Low
EMP05716,44,2,93.74,9,62,43,74.42,8.64,5.97,6.01,9.96,8.67,76.33,3.58,Medium
EMP05717,50,16,89.97,0,43,16,79.92,6.62,9.57,7.18,8.6,7.31,95.58,3.94,Medium
EMP05718,55,12,83.81,3,44,67,77.24,8.37,9.19,9.51,7.17,9.6,85.57,9.83,Medium
EMP05719,54,23,91.05,4,59,30,71.22,7.85,8.3,9.95,9.51,9.0,64.55,4.43,Medium
EMP05720,44,15,88.15,4,72,63,71.79,9.7,6.75,8.76,5.72,8.21,56.68,7.52,Low
EMP05721,28,1,87.8,0,31,24,85.34,6.05,7.55,8.75,6.44,7.42,64.49,10.44,Low
EMP05722,24,25,96.2,2,30,18,88.74,7.96,7.79,7.08,9.78,5.47,66.68,4.51,Medium
EMP05723,53,13,88.15,1,49,57,83.06,7.07,5.43,7.85,7.78,9.08,86.63,2.6,Medium
EMP05724,52,23,80.53,6,79,40,99.05,6.31,9.86,6.16,9.6,7.08,71.26,1.74,Medium
EMP05725,39,6,81.16,4,32,72,97.79,6.79,5.46,8.69,9.92,6.8,99.9,7.2,Medium
EMP05726,28,13,97.12,2,66,63,63.94,6.47,8.61,5.3,6.8,6.15,51.72,7.66,Low
EMP05727,22,18,99.21,7,44,74,70.45,7.64,7.46,7.09,7.88,7.71,67.71,10.58,Low
EMP05728,35,3,93.77,0,71,72,94.74,7.79,8.8,9.16,9.23,9.15,54.3,6.21,Medium
EMP05729,53,1,87.29,0,44,38,61.19,9.33,6.3,9.9,6.36,6.45,67.84,10.54,Low
EMP05730,27,15,98.77,5,36,26,83.69,8.91,6.98,8.48,7.23,9.6,71.69,6.66,Medium
EMP05731,31,26,93.26,0,31,35,98.18,6.51,7.63,5.99,5.77,6.98,94.56,7.49,Medium
EMP05732,28,13,96.89,3,78,56,87.15,9.66,5.6,7.86,8.26,9.85,71.27,6.91,Medium
EMP05733,47,5,95.32,5,70,30,63.68,9.34,9.26,7.8,5.02,8.38,51.28,4.3,Low
EMP05734,55,25,87.58,0,71,50,89.91,8.13,9.96,9.83,7.25,6.84,97.76,10.28,Medium
EMP05735,51,13,89.57,8,30,49,75.06,5.09,7.09,9.2,9.65,9.92,57.26,10.73,Medium
EMP05736,57,22,83.72,3,29,23,96.86,6.05,6.88,5.25,9.49,7.97,88.69,10.33,Medium
EMP05737,42,5,85.84,8,36,20,71.45,8.95,7.97,6.1,9.02,8.84,60.01,2.18,Medium
EMP05738,38,28,95.56,8,79,58,78.93,7.27,8.44,9.21,5.71,7.26,96.17,8.33,Medium
EMP05739,54,19,97.88,5,73,15,89.86,5.63,9.34,9.86,7.6,5.6,61.33,5.88,Low
EMP05740,31,21,94.49,6,64,28,70.3,7.04,6.86,6.47,8.6,9.82,92.76,2.08,Medium
EMP05741,33,24,89.3,0,35,38,67.27,6.06,8.82,8.45,5.51,6.61,70.73,1.68,Low
EMP05742,37,28,81.73,4,71,24,60.11,9.46,6.2,6.54,5.74,9.59,72.36,8.68,Low
EMP05743,53,18,81.14,2,39,32,79.52,9.45,8.4,5.21,5.2,9.54,81.46,5.37,Medium
EMP05744,36,21,87.49,9,68,59,97.14,6.94,7.33,9.15,6.62,5.47,74.37,5.2,Low
EMP05745,48,22,89.28,9,24,23,71.26,5.69,8.31,8.69,9.39,5.57,66.84,3.34,Low
EMP05746,49,10,92.18,5,60,41,61.74,6.79,6.9,5.27,7.54,8.06,62.13,7.62,Low
EMP05747,38,24,80.13,3,73,69,84.82,5.64,6.47,5.73,9.27,5.18,63.31,2.63,Low
EMP05748,23,8,99.79,8,75,33,62.25,6.52,7.43,10.0,5.42,7.11,85.18,1.04,Low
EMP05749,57,15,87.28,6,51,50,80.28,8.86,9.48,8.25,5.28,7.64,55.44,1.15,Low
EMP05750,28,21,96.96,3,46,17,75.26,6.46,8.37,9.0,9.02,5.98,78.08,5.05,Medium
EMP05751,34,25,90.7,5,23,52,79.02,7.72,8.06,6.94,7.49,8.85,68.98,8.91,Medium
EMP05752,36,20,82.61,1,60,23,66.51,5.59,8.6,7.59,7.35,7.16,67.66,7.63,Low
EMP05753,46,28,95.95,2,67,24,63.61,6.74,8.65,8.1,7.38,7.12,85.77,3.76,Medium
EMP05754,44,25,94.2,6,26,23,89.96,5.2,6.47,9.03,6.91,6.17,75.16,2.12,Low
EMP05755,43,27,90.55,3,65,31,69.83,7.74,6.16,6.69,9.43,9.44,53.86,4.98,Medium
EMP05756,47,23,90.29,9,33,56,92.02,6.74,7.55,8.36,7.6,5.06,95.48,10.86,Medium
EMP05757,54,22,81.75,6,58,52,90.34,9.36,5.74,8.88,9.87,5.03,94.9,4.82,Medium
EMP05758,32,4,93.12,8,43,62,67.94,6.96,7.37,9.03,9.23,9.98,71.27,2.32,Medium
EMP05759,31,2,98.22,4,67,63,96.33,7.79,8.47,7.5,8.69,5.11,50.69,10.8,Low
EMP05760,46,24,81.86,0,37,57,66.45,9.88,5.04,7.37,8.18,5.78,53.01,4.56,Low
EMP05761,58,6,85.27,4,79,34,91.89,8.21,5.56,5.52,9.18,9.41,74.58,9.49,Medium
EMP05762,59,28,98.05,5,57,21,76.82,7.5,9.81,7.49,9.41,8.08,54.07,4.0,Medium
EMP05763,45,3,85.69,1,58,18,67.32,5.49,9.64,8.51,5.67,8.12,72.16,10.56,Low
EMP05764,54,7,93.08,7,70,71,97.52,9.1,7.09,9.6,6.8,7.38,59.49,1.9,Medium
EMP05765,38,10,90.7,1,59,24,98.53,8.21,7.95,5.63,9.03,5.75,90.12,3.79,Medium
EMP05766,45,23,91.93,8,20,35,80.45,5.54,5.78,9.84,6.11,6.84,68.38,9.0,Low
EMP05767,58,6,88.32,1,36,28,78.77,6.23,6.66,6.17,7.93,8.59,68.92,5.34,Medium
EMP05768,23,16,86.0,2,45,39,96.03,7.69,8.96,5.88,8.9,7.43,51.25,7.06,Medium
EMP05769,53,2,80.97,7,70,31,83.85,5.23,9.28,5.57,6.12,8.65,82.69,4.05,Medium
EMP05770,45,24,94.89,5,41,42,70.64,8.59,7.03,9.95,7.01,5.04,88.67,4.97,Medium
EMP05771,30,17,94.92,0,58,28,77.01,6.14,6.56,7.81,9.58,8.28,63.17,7.67,Medium
EMP05772,25,13,93.41,3,37,66,93.44,7.45,8.41,6.35,6.78,7.96,80.84,9.72,Medium
EMP05773,38,1,92.87,4,57,69,94.38,6.21,8.59,6.59,8.02,9.87,82.34,10.81,Medium
EMP05774,38,6,84.87,2,47,27,97.57,7.45,9.92,9.75,7.17,9.54,81.48,4.95,Medium
EMP05775,51,5,80.45,0,40,48,71.53,5.95,8.49,9.5,9.39,8.0,84.92,7.93,Medium
EMP05776,32,25,96.17,2,57,55,87.2,7.97,6.2,6.75,7.12,7.88,89.25,6.48,Medium
EMP05777,42,13,89.82,8,52,17,62.74,9.55,5.3,5.32,6.8,5.46,87.9,8.22,Low
EMP05778,42,28,86.14,1,49,18,89.04,9.04,6.29,9.17,5.87,9.71,78.7,7.84,Medium
EMP05779,39,23,82.04,0,61,58,82.53,6.21,6.13,9.57,6.75,8.53,96.94,7.82,Medium
EMP05780,50,18,81.25,6,74,29,69.99,7.49,5.46,9.19,8.35,7.51,89.02,5.8,Medium
EMP05781,45,29,86.98,6,27,34,86.19,7.12,7.22,9.56,5.88,9.29,94.54,4.23,Medium
EMP05782,31,12,96.09,4,49,22,65.41,9.83,6.44,7.88,8.53,8.65,75.39,5.63,Medium
EMP05783,38,7,98.37,1,58,64,73.35,8.99,9.63,9.2,5.05,7.82,85.02,10.21,Medium
EMP05784,39,15,97.94,0,28,19,76.04,5.54,7.02,9.72,6.83,7.7,93.15,4.77,Medium
EMP05785,41,3,98.4,4,52,16,91.09,5.84,9.38,9.45,7.33,9.63,76.99,10.48,Medium
EMP05786,58,16,98.15,9,77,42,72.35,8.51,6.53,7.94,5.48,9.0,93.7,2.83,Medium
EMP05787,39,1,90.54,3,76,36,61.96,5.8,9.16,8.73,8.42,7.02,86.26,7.09,Medium
EMP05788,38,27,84.39,8,62,23,67.23,9.75,7.27,8.61,5.51,8.14,87.69,2.2,Medium
EMP05789,30,16,95.96,4,78,42,84.32,9.96,5.16,9.01,5.45,5.98,96.37,5.87,Medium
EMP05790,35,24,84.27,9,48,71,60.61,8.89,7.43,6.14,6.84,9.67,66.51,11.68,Low
EMP05791,50,12,85.34,1,50,60,91.69,5.13,6.13,5.01,8.69,8.48,79.73,7.89,Medium
EMP05792,52,19,84.67,3,22,15,96.04,7.41,6.54,7.55,9.82,9.8,63.63,1.2,Medium
EMP05793,25,27,90.3,8,69,66,79.82,7.03,8.42,8.83,8.88,6.46,76.46,10.05,Medium
EMP05794,39,8,86.44,7,57,50,88.31,9.0,7.65,5.63,7.33,6.58,72.18,6.51,Medium
EMP05795,41,23,83.08,2,30,63,78.51,6.44,9.44,7.66,6.36,9.16,72.87,8.39,Low
EMP05796,30,12,89.06,7,24,56,72.35,6.93,9.68,6.57,6.51,6.31,60.43,8.06,Low
EMP05797,34,15,97.48,1,50,16,66.59,5.47,8.45,9.19,6.42,6.79,81.28,3.07,Low
EMP05798,36,2,91.41,2,39,52,80.73,6.71,9.32,5.5,6.39,9.42,89.78,5.46,Medium
EMP05799,48,29,97.57,4,23,40,97.2,9.87,5.98,9.24,5.35,7.59,63.43,3.36,Medium
EMP05800,36,17,83.92,9,27,45,95.6,9.71,5.4,8.05,6.1,6.5,56.2,2.96,Low
EMP05801,49,7,83.34,9,61,65,96.79,8.75,6.66,9.6,5.54,7.05,62.77,7.13,Low
EMP05802,58,13,91.51,7,54,55,98.66,9.54,6.63,9.68,5.04,8.56,87.76,3.24,Medium
EMP05803,40,1,89.27,0,32,65,66.61,6.06,8.33,9.04,6.43,5.79,53.17,3.22,Low
EMP05804,47,6,93.2,3,68,33,65.86,8.11,9.2,7.65,6.76,9.81,80.89,7.89,Medium
EMP05805,47,13,95.89,0,24,45,77.11,7.5,6.48,5.71,9.64,7.46,90.99,5.42,Medium
EMP05806,46,11,95.03,0,59,23,87.57,7.11,7.12,6.13,9.97,8.82,90.08,3.23,Medium
EMP05807,47,10,98.85,4,38,17,77.59,6.62,5.52,7.09,7.9,8.51,99.38,5.22,Medium
EMP05808,47,16,87.97,5,37,52,95.69,9.33,7.06,8.65,9.5,8.4,89.5,7.37,Medium
EMP05809,49,27,84.13,0,52,20,88.7,7.42,6.07,7.72,8.09,7.1,56.74,7.59,Low
EMP05810,39,26,91.02,5,23,63,85.36,8.62,6.91,7.19,7.49,5.21,67.36,10.88,Low
EMP05811,53,24,82.21,4,78,59,62.84,8.53,6.33,7.39,5.21,8.71,60.85,11.23,Low
EMP05812,24,23,85.78,3,37,59,67.01,5.68,9.04,8.71,5.22,9.77,68.82,3.23,Low
EMP05813,23,20,84.16,9,65,21,77.13,5.24,5.02,5.17,5.15,7.53,81.85,6.39,Low
EMP05814,54,17,87.93,4,43,55,99.05,9.2,6.69,7.21,5.75,9.77,64.49,5.9,Medium
EMP05815,40,17,82.22,7,62,39,73.38,7.45,9.85,7.86,5.38,7.67,56.44,9.44,Low
EMP05816,38,4,80.64,8,48,39,85.2,9.05,8.39,7.94,5.97,5.84,85.71,3.12,Medium
EMP05817,54,5,93.14,1,50,64,99.56,6.49,8.86,8.09,7.6,6.2,55.86,3.49,Low
EMP05818,33,28,92.2,5,77,15,70.56,9.31,9.3,5.27,7.52,9.32,97.4,2.74,Medium
EMP05819,24,23,94.17,2,47,68,66.67,9.15,6.81,7.79,6.72,8.11,80.93,9.06,Medium
EMP05820,47,14,93.21,1,28,36,81.85,6.91,5.33,7.75,8.33,7.07,88.22,3.5,Medium
EMP05821,56,20,82.29,0,64,34,82.08,7.06,7.05,9.27,6.96,9.0,91.21,5.62,Medium
EMP05822,29,10,85.82,3,45,27,96.88,6.75,8.26,8.8,6.1,8.21,82.15,3.86,Medium
EMP05823,57,14,82.59,7,68,54,61.06,5.17,6.85,5.16,8.46,9.36,85.1,11.81,Medium
EMP05824,28,28,96.86,2,66,35,76.3,8.44,7.24,7.78,9.9,9.85,89.52,8.13,Medium
EMP05825,57,1,94.94,4,21,37,72.49,6.36,9.13,8.45,9.05,8.26,72.7,4.14,Medium
EMP05826,37,11,84.03,9,25,55,82.84,9.42,5.18,7.9,7.07,9.85,50.14,2.28,Medium
EMP05827,45,26,86.83,4,48,47,60.37,9.49,6.67,8.38,6.88,7.35,98.35,5.83,Medium
EMP05828,22,23,99.33,4,45,23,88.44,8.61,7.44,5.58,5.19,9.2,62.14,2.99,Medium
EMP05829,46,18,91.88,8,47,43,79.4,5.91,6.5,5.85,8.29,9.53,57.48,2.84,Medium
EMP05830,31,16,96.02,7,26,66,88.03,5.45,7.23,7.91,6.11,5.23,95.96,4.25,Medium
EMP05831,37,29,85.29,7,53,69,77.91,9.08,7.01,9.0,8.42,9.33,77.06,11.63,Medium
EMP05832,37,27,84.2,0,75,46,78.97,9.47,9.62,5.13,8.8,7.04,63.78,5.4,Medium
EMP05833,29,18,95.68,0,64,25,95.82,6.76,7.47,7.18,9.4,6.99,96.59,3.31,Medium
EMP05834,50,8,93.72,1,29,66,68.44,6.76,7.38,9.96,7.74,8.91,92.77,4.61,Medium
EMP05835,49,28,93.62,7,67,50,68.7,6.95,6.27,8.83,9.15,6.23,72.79,6.26,Medium
EMP05836,27,10,91.05,9,60,43,82.38,9.14,5.23,7.25,8.62,5.16,97.81,1.79,Medium
EMP05837,37,26,91.27,0,59,62,86.41,8.54,6.5,5.49,6.76,6.36,54.66,4.35,Low
EMP05838,41,10,94.71,3,76,45,74.19,5.61,5.14,6.8,5.53,8.24,96.88,2.58,Medium
EMP05839,37,5,85.4,8,66,28,80.78,8.17,9.13,5.77,6.21,9.77,73.02,1.99,Medium
EMP05840,28,10,87.06,1,41,66,69.11,5.05,6.02,9.6,9.22,6.98,73.07,11.0,Low
EMP05841,35,18,97.43,2,46,68,65.44,8.55,9.56,8.43,7.67,8.99,72.67,4.13,Medium
EMP05842,47,21,86.18,5,58,67,69.53,8.82,9.43,9.28,8.33,6.0,71.53,3.3,Medium
EMP05843,47,24,90.93,9,41,64,96.65,9.07,8.32,9.49,9.03,9.26,76.87,8.7,Medium
EMP05844,35,6,94.05,2,74,39,92.07,8.13,9.31,8.03,8.34,8.83,99.76,1.63,High
EMP05845,28,3,100.0,3,38,73,65.61,5.9,9.39,5.03,9.28,7.24,50.72,11.71,Low
EMP05846,54,8,88.71,8,55,68,61.86,8.97,8.88,7.78,5.43,9.47,75.0,11.83,Low
EMP05847,47,9,88.56,8,28,40,63.73,9.5,7.54,9.01,9.52,5.19,64.18,9.41,Low
EMP05848,41,5,96.85,9,38,36,71.74,8.17,9.75,6.57,9.06,8.93,58.57,11.86,Medium
EMP05849,24,29,96.11,4,21,23,92.45,6.38,9.09,9.64,9.52,5.18,96.25,3.82,Medium
EMP05850,25,2,94.62,6,47,47,72.85,5.9,5.63,9.98,8.65,9.32,69.22,3.8,Medium
EMP05851,47,2,89.26,8,78,37,67.43,6.16,7.1,7.75,6.37,5.88,77.32,10.56,Low
EMP05852,32,7,86.48,7,58,49,75.83,5.08,7.7,7.66,5.57,5.19,96.52,7.68,Low
EMP05853,23,17,92.17,6,41,34,64.96,5.05,7.65,8.28,5.65,6.54,73.97,8.95,Low
EMP05854,35,10,97.52,7,70,47,78.81,6.49,6.9,7.83,7.49,5.89,64.41,1.15,Low
EMP05855,51,12,97.68,4,25,49,87.02,9.61,7.66,5.8,6.95,8.26,54.84,6.1,Medium
EMP05856,33,2,82.17,4,66,60,74.75,8.11,5.46,6.36,8.27,7.36,79.92,4.06,Medium
EMP05857,47,10,88.57,4,26,44,66.94,6.93,8.28,6.01,7.52,5.65,95.58,2.69,Medium
EMP05858,54,20,89.29,0,25,60,78.13,5.05,7.49,5.36,5.63,9.58,54.04,6.71,Low
EMP05859,34,1,99.55,5,52,69,90.5,9.95,8.94,5.7,5.01,6.84,72.3,4.05,Medium
EMP05860,35,4,93.56,4,79,44,63.06,7.28,8.47,9.86,5.64,6.41,83.23,6.98,Low
EMP05861,45,13,88.14,7,33,36,62.84,9.96,5.56,7.77,5.73,8.49,55.04,1.86,Low
EMP05862,55,12,80.52,7,20,59,72.72,8.6,6.75,5.63,8.6,6.97,53.94,9.77,Low
EMP05863,47,11,91.31,1,44,15,76.6,5.26,8.68,8.57,6.43,5.73,60.22,11.45,Low
EMP05864,42,29,81.92,5,25,29,68.66,9.3,6.68,7.38,5.47,7.91,56.57,7.92,Low
EMP05865,49,10,96.69,9,47,39,61.08,7.65,7.83,6.12,8.78,5.15,68.89,2.57,Low
EMP05866,57,15,95.05,9,37,34,68.78,7.26,9.81,9.72,9.7,8.14,70.51,9.24,Medium
EMP05867,23,5,89.21,5,46,21,77.41,8.79,5.4,6.12,5.5,9.34,72.64,10.66,Low
EMP05868,30,25,88.58,2,68,30,63.18,8.87,5.95,5.49,9.82,6.31,74.56,5.03,Medium
EMP05869,44,17,97.95,0,78,66,88.64,8.98,7.4,6.03,9.75,9.26,52.91,6.65,Medium
EMP05870,36,28,85.77,6,79,37,82.08,8.8,8.69,9.56,7.62,6.23,83.15,1.7,Medium
EMP05871,34,5,84.98,9,21,35,77.38,8.21,6.65,9.29,6.48,6.01,86.69,7.02,Medium
EMP05872,44,2,98.78,4,59,15,80.75,8.38,5.59,9.47,5.69,8.58,56.86,1.52,Low
EMP05873,38,9,96.18,9,40,61,86.23,9.29,6.58,9.58,9.12,5.33,61.35,4.87,Medium
EMP05874,23,6,96.41,4,42,34,99.79,8.45,8.22,5.39,8.02,5.2,64.03,4.06,Medium
EMP05875,41,18,83.9,7,74,61,91.0,5.51,8.96,8.56,8.26,7.28,70.81,3.01,Medium
EMP05876,41,14,82.87,4,21,33,81.61,8.23,9.89,8.32,9.3,5.17,70.08,10.38,Medium
EMP05877,24,19,80.52,4,35,20,90.82,5.85,8.81,9.96,7.22,7.48,60.28,7.64,Low
EMP05878,33,14,84.74,0,23,52,79.01,5.07,7.46,8.57,6.84,8.25,53.67,8.46,Low
EMP05879,23,8,95.48,1,53,46,72.44,6.07,6.46,8.96,8.81,6.14,64.52,6.42,Low
EMP05880,57,17,84.8,4,74,15,70.48,5.77,9.64,8.57,6.49,9.49,88.96,9.22,Medium
EMP05881,35,28,94.58,6,24,44,75.98,5.51,7.67,8.1,6.64,6.0,52.92,5.07,Low
EMP05882,37,3,85.04,2,68,30,60.09,6.07,8.44,7.77,6.91,6.19,68.31,5.86,Low
EMP05883,40,29,87.91,0,53,41,67.08,7.82,7.36,9.85,9.28,9.57,59.64,1.92,Medium
EMP05884,55,10,99.66,1,41,32,65.06,5.76,6.21,9.68,8.9,8.44,85.63,4.52,Medium
EMP05885,27,17,84.9,2,65,27,98.41,6.4,7.73,7.19,6.46,7.64,66.57,2.16,Medium
EMP05886,34,27,87.53,8,39,58,62.59,9.25,9.2,6.42,5.72,6.65,69.86,6.3,Low
EMP05887,57,11,86.02,7,58,64,80.04,9.44,6.92,7.55,6.96,8.85,95.86,11.33,Medium
EMP05888,43,8,82.19,3,66,42,96.79,6.67,8.34,8.73,8.12,7.94,80.56,9.92,Medium
EMP05889,39,1,89.8,7,69,24,84.3,9.49,5.21,7.0,8.38,6.71,91.19,5.81,Medium
EMP05890,33,13,87.57,8,32,28,79.81,7.93,9.68,7.69,6.0,9.13,84.25,4.31,Medium
EMP05891,51,21,93.9,2,63,66,89.72,6.13,9.85,6.49,6.25,8.97,98.0,4.62,Medium
EMP05892,28,4,96.35,5,53,43,74.14,8.77,6.93,7.14,9.65,9.7,78.58,6.2,Medium
EMP05893,53,7,90.88,7,63,71,67.75,9.61,7.49,9.79,6.93,9.97,62.5,3.67,Medium
EMP05894,40,14,80.64,9,25,25,93.89,8.3,5.8,6.07,6.57,5.06,84.72,4.72,Medium
EMP05895,27,5,92.38,6,75,64,62.26,6.01,5.98,9.94,8.48,6.6,91.01,6.42,Medium
EMP05896,41,24,81.11,8,48,73,92.31,5.43,8.01,6.08,7.34,5.96,98.38,10.25,Medium
EMP05897,48,28,92.33,6,52,70,64.13,6.15,8.14,6.6,6.23,6.07,80.89,2.05,Low
EMP05898,58,11,93.7,0,72,41,85.02,6.69,6.71,5.44,7.05,9.32,91.1,5.45,Medium
EMP05899,28,17,83.96,8,20,58,79.08,6.67,6.87,8.76,5.72,9.87,85.53,3.09,Medium
EMP05900,26,5,96.39,4,66,31,99.94,7.49,7.53,5.09,6.4,9.7,88.75,8.01,Medium
EMP05901,32,20,98.22,5,78,74,75.52,7.53,9.7,8.94,7.09,8.48,79.89,7.28,Medium
EMP05902,36,3,96.26,1,67,70,98.29,7.36,5.75,7.89,7.59,7.77,64.55,7.35,Medium
EMP05903,24,5,86.1,1,73,17,76.15,6.72,7.76,8.74,8.71,8.19,54.38,6.86,Low
EMP05904,26,26,91.73,3,26,45,87.27,5.53,5.29,8.92,6.92,9.28,86.0,9.07,Medium
EMP05905,44,15,98.3,3,41,35,85.75,7.09,7.29,5.62,7.73,5.04,91.48,2.69,Medium
EMP05906,58,19,86.41,4,51,47,63.46,9.93,6.99,5.11,9.76,7.14,88.56,3.04,Medium
EMP05907,30,16,96.4,6,33,15,89.73,8.27,5.82,5.84,9.09,7.53,51.98,8.8,Medium
EMP05908,36,8,80.19,0,76,20,68.35,7.2,5.82,6.92,6.19,9.62,52.75,2.45,Low
EMP05909,24,13,80.07,9,70,65,75.54,5.42,7.25,5.37,6.07,5.86,55.16,9.0,Low
EMP05910,50,16,95.19,3,43,70,91.29,6.07,5.63,7.28,8.31,8.72,91.22,2.81,Medium
EMP05911,27,3,95.23,8,38,18,97.77,7.87,6.47,6.43,7.98,9.62,80.53,11.91,Medium
EMP05912,38,1,95.78,7,46,36,82.39,7.49,5.36,6.82,7.73,8.82,79.49,1.5,Medium
EMP05913,47,9,98.6,2,79,27,80.78,5.1,6.49,9.7,5.77,5.05,60.67,9.54,Low
EMP05914,42,9,82.36,5,42,72,80.2,5.43,7.67,8.62,6.81,8.3,53.83,3.55,Low
EMP05915,29,22,84.64,8,64,58,92.66,6.78,8.72,8.29,8.8,6.05,89.81,4.56,Medium
EMP05916,42,26,98.07,7,40,71,99.72,5.7,9.15,8.27,8.62,8.03,91.42,11.03,Medium
EMP05917,32,17,83.54,6,63,44,85.34,9.79,6.69,7.78,5.83,7.86,62.57,4.37,Low
EMP05918,59,24,93.64,6,48,54,75.14,5.17,9.69,7.56,7.13,9.79,91.3,5.15,Medium
EMP05919,29,2,90.61,0,20,66,68.75,9.87,6.2,9.41,7.21,5.95,65.65,3.0,Low
EMP05920,45,9,81.66,4,50,40,67.95,8.28,5.4,5.38,7.54,5.25,90.6,1.85,Medium
EMP05921,56,24,85.71,6,46,70,94.25,7.04,9.63,6.44,7.31,8.06,53.43,2.19,Low
EMP05922,35,19,90.41,1,63,53,99.69,7.7,7.7,5.52,7.51,6.72,67.24,7.53,Medium
EMP05923,35,13,97.05,5,55,67,87.92,7.05,6.76,5.06,9.07,8.75,88.52,1.51,Medium
EMP05924,31,5,94.15,1,46,53,98.23,7.87,9.49,5.07,6.95,9.97,64.44,3.48,Medium
EMP05925,33,9,92.44,2,34,21,74.0,5.76,8.88,5.12,7.76,7.01,52.01,5.33,Low
EMP05926,59,13,89.92,0,44,28,85.1,5.6,9.16,8.41,8.03,5.76,57.52,2.19,Low
EMP05927,55,1,85.97,2,67,40,80.47,7.64,6.46,5.56,9.71,7.77,98.08,9.23,Medium
EMP05928,31,25,82.38,6,34,32,79.28,5.36,9.37,6.01,8.27,6.73,80.01,11.69,Low
EMP05929,38,15,88.18,4,59,69,85.29,6.46,8.25,7.09,5.65,8.97,58.85,10.84,Low
EMP05930,38,4,80.57,3,38,65,72.41,9.63,8.69,6.35,7.91,7.67,82.38,11.49,Medium
EMP05931,24,4,84.22,7,66,70,85.62,9.38,6.56,9.08,8.31,9.54,81.17,6.99,Medium
EMP05932,52,20,88.65,7,69,38,86.91,9.16,6.23,8.12,5.05,9.19,70.39,2.63,Medium
EMP05933,22,10,88.37,0,30,71,93.44,7.54,7.04,6.67,5.38,9.57,83.34,8.33,Medium
EMP05934,33,28,80.89,8,60,73,89.22,5.14,7.88,6.59,5.09,6.5,55.59,1.66,Low
EMP05935,25,25,91.78,8,52,66,72.79,5.61,8.33,8.42,5.24,9.51,66.07,6.24,Low
EMP05936,34,6,90.99,1,60,72,78.03,9.6,7.49,5.85,5.45,9.33,51.88,9.68,Low
EMP05937,55,27,81.56,1,79,65,64.82,9.18,8.49,6.4,9.79,8.14,95.72,10.4,Medium
EMP05938,42,24,98.86,7,42,39,70.29,6.88,8.54,6.77,6.03,9.55,94.65,4.25,Medium
EMP05939,43,12,81.99,5,31,71,80.84,8.64,8.33,7.27,6.02,5.27,60.2,3.44,Low
EMP05940,25,20,97.1,2,21,64,64.03,9.27,6.26,5.95,9.29,8.93,85.38,8.58,Medium
EMP05941,39,16,80.01,1,62,46,82.82,8.1,7.23,5.79,8.76,5.73,90.65,2.53,Medium
EMP05942,26,3,97.65,4,40,20,75.61,9.27,8.83,9.95,8.38,6.7,70.36,11.93,Medium
EMP05943,40,14,80.39,7,33,30,61.39,6.22,9.43,9.57,7.11,8.65,90.85,4.65,Medium
EMP05944,23,1,95.16,5,53,17,77.38,7.31,7.51,7.62,5.16,6.05,74.62,9.24,Low
EMP05945,33,10,87.23,2,34,35,71.25,7.9,9.93,8.83,9.13,6.16,89.86,8.98,Medium
EMP05946,38,15,94.76,8,40,46,62.68,8.16,5.87,8.37,9.3,6.06,87.87,4.41,Medium
EMP05947,31,7,88.03,7,42,16,71.73,9.93,6.12,5.38,7.41,7.28,78.1,5.25,Medium
EMP05948,55,4,81.42,9,40,61,71.76,9.23,7.3,7.59,8.22,5.4,75.37,10.26,Low
EMP05949,27,14,95.35,5,69,34,74.2,5.28,7.54,5.92,7.39,9.43,64.64,3.51,Medium
EMP05950,29,24,81.43,0,78,25,74.66,5.85,7.12,7.92,6.48,8.65,70.57,1.66,Low
EMP05951,32,16,98.44,1,33,65,77.19,8.29,7.15,5.31,7.7,7.57,69.59,2.62,Medium
EMP05952,33,14,81.02,3,40,32,63.68,6.2,7.44,5.81,8.44,5.42,55.16,8.52,Low
EMP05953,30,3,89.59,1,79,68,60.21,5.79,6.6,8.91,5.77,5.62,76.2,3.61,Low
EMP05954,23,17,94.46,2,31,25,89.44,8.33,5.65,9.22,7.65,5.49,79.02,7.24,Medium
EMP05955,29,21,87.86,7,61,49,73.49,7.68,9.78,9.54,8.88,5.07,98.45,5.33,Medium
EMP05956,32,14,84.34,8,65,50,84.54,9.03,8.97,9.48,7.38,8.34,64.14,10.55,Medium
EMP05957,57,18,95.18,5,73,52,72.28,6.6,9.07,9.54,5.78,7.55,69.97,6.36,Low
EMP05958,31,3,95.69,3,66,26,99.37,6.65,6.82,5.47,9.35,6.91,77.59,2.54,Medium
EMP05959,42,22,98.45,1,24,74,72.62,5.75,7.02,8.3,8.37,6.74,92.65,10.16,Medium
EMP05960,41,19,87.52,6,21,45,84.2,8.26,9.68,8.51,8.16,7.31,62.9,1.91,Medium
EMP05961,29,3,90.13,9,41,67,68.8,8.54,9.86,6.34,8.26,7.37,61.72,10.11,Low
EMP05962,57,12,87.26,6,25,50,80.71,5.69,9.71,9.96,6.23,5.7,76.59,1.46,Low
EMP05963,50,22,85.14,9,63,44,83.17,6.27,8.21,6.43,7.46,7.66,56.43,1.04,Low
EMP05964,33,5,95.02,8,21,58,67.31,5.77,6.21,7.87,6.63,5.24,84.82,9.31,Low
EMP05965,35,10,86.79,4,48,18,64.95,8.74,8.02,9.36,9.17,9.69,92.99,7.16,Medium
EMP05966,42,9,88.56,9,55,16,98.94,6.05,7.95,6.45,7.94,8.57,51.48,3.37,Medium
EMP05967,43,1,88.07,3,26,58,95.73,5.76,9.54,8.03,8.59,5.05,59.75,11.63,Low
EMP05968,42,13,94.25,9,35,27,86.4,5.35,6.56,8.6,8.3,6.44,78.96,8.01,Medium
EMP05969,51,3,98.36,5,52,40,94.44,9.16,6.0,8.13,7.42,9.91,91.39,3.62,Medium
EMP05970,41,19,93.34,1,52,43,63.82,5.62,6.33,7.03,9.02,5.24,74.5,5.58,Low
EMP05971,45,11,89.43,1,33,62,89.18,5.15,6.22,9.72,8.08,5.73,89.22,11.04,Medium
EMP05972,44,16,95.58,8,62,50,71.42,5.32,8.24,8.06,6.13,7.39,71.11,3.24,Low
EMP05973,28,6,92.82,6,31,42,81.58,6.83,9.06,6.12,6.45,6.77,69.38,11.2,Low
EMP05974,30,24,81.21,6,62,22,90.59,7.98,6.84,9.03,9.13,9.93,59.08,3.38,Medium
EMP05975,22,3,81.91,4,25,19,61.34,6.99,5.88,8.28,9.71,7.7,57.58,1.26,Low
EMP05976,47,19,80.76,6,74,46,87.79,7.28,6.72,5.55,7.74,9.71,87.26,3.95,Medium
EMP05977,59,6,89.14,8,31,44,77.39,9.6,7.73,6.39,6.93,6.88,58.47,1.6,Low
EMP05978,59,8,96.52,9,72,28,77.59,8.79,8.32,5.79,8.13,6.36,70.39,3.56,Medium
EMP05979,43,22,86.26,4,50,61,96.29,6.71,7.75,5.36,7.42,6.44,77.25,3.99,Medium
EMP05980,31,13,87.68,8,31,57,94.39,5.77,6.28,6.15,9.21,8.18,63.22,5.58,Medium
EMP05981,27,12,98.19,0,29,24,62.3,8.75,9.59,6.39,9.16,8.02,91.62,4.11,Medium
EMP05982,38,10,96.74,2,59,24,84.73,7.87,7.19,7.33,7.28,7.77,70.24,8.83,Medium
EMP05983,59,3,93.3,6,46,70,77.43,9.81,7.29,9.85,9.02,5.95,68.84,11.68,Medium
EMP05984,45,4,85.34,3,71,20,64.71,9.54,9.84,9.72,5.96,6.32,58.91,1.52,Low
EMP05985,31,1,82.34,1,70,30,94.04,7.82,9.34,8.77,6.87,6.45,60.99,6.64,Low
EMP05986,29,13,80.32,2,26,74,62.86,5.35,9.03,8.23,5.4,9.33,64.56,3.88,Low
EMP05987,42,24,82.14,6,65,40,61.28,5.15,5.91,9.74,9.04,9.09,67.47,6.09,Low
EMP05988,27,4,85.85,7,55,35,67.9,9.19,9.19,5.71,9.88,6.03,85.06,8.75,Medium
EMP05989,42,22,91.04,8,52,50,72.14,8.49,7.28,6.65,7.88,5.73,99.82,10.64,Medium
EMP05990,45,11,81.28,5,46,72,62.44,7.8,6.05,7.77,8.83,5.51,75.33,10.75,Low
EMP05991,54,19,82.72,9,27,55,85.65,8.44,9.95,9.07,7.01,5.34,85.27,2.79,Medium
EMP05992,39,11,83.62,8,24,56,77.49,7.7,5.86,8.12,7.81,9.92,62.19,7.19,Medium
EMP05993,49,12,92.64,3,27,44,76.49,7.89,9.61,9.04,6.74,9.06,97.35,4.11,Medium
EMP05994,53,11,92.32,4,59,19,65.81,6.13,5.0,5.77,8.48,5.08,90.52,6.48,Medium
EMP05995,33,6,91.02,0,79,24,77.51,7.28,7.19,5.96,6.23,5.03,84.25,11.12,Low
EMP05996,48,12,85.01,8,40,62,75.61,5.06,5.15,8.7,5.77,8.45,65.67,1.67,Low
EMP05997,31,27,87.42,8,43,45,75.35,8.34,9.56,6.74,9.49,6.56,54.08,7.54,Low
EMP05998,53,9,81.93,8,26,25,68.74,6.66,5.63,7.18,9.32,5.49,98.41,4.96,Medium
EMP05999,47,25,84.53,2,38,52,63.78,8.28,8.37,8.96,9.17,7.32,86.26,10.55,Medium
EMP06000,46,10,97.95,9,50,21,70.43,9.63,8.16,5.35,9.11,5.09,56.83,3.4,Low
EMP06001,32,3,99.59,9,55,73,86.69,7.96,8.9,5.84,8.65,7.12,77.59,4.66,Medium
EMP06002,44,3,92.95,9,46,26,62.92,6.64,8.73,6.48,9.37,6.19,80.55,1.22,Medium
EMP06003,55,20,98.34,7,79,73,75.29,6.04,5.16,9.42,6.05,6.32,72.17,5.73,Low
EMP06004,44,28,92.85,2,48,59,80.58,6.26,6.94,7.02,9.35,6.43,73.59,7.97,Medium
EMP06005,50,23,80.66,5,42,63,98.53,9.94,6.61,6.26,9.59,6.54,77.3,3.16,Medium
EMP06006,52,16,99.94,4,39,55,93.75,8.08,9.86,8.39,8.58,5.1,90.08,7.99,Medium
EMP06007,28,3,81.98,7,25,74,96.66,7.2,8.87,5.15,8.0,7.85,90.58,9.19,Medium
EMP06008,54,10,93.65,2,31,22,92.8,6.15,8.54,8.88,6.18,7.74,98.03,3.12,Medium
EMP06009,42,24,85.06,0,69,42,83.56,8.87,7.21,8.49,9.33,8.25,58.6,9.31,Medium
EMP06010,23,11,87.84,8,31,73,94.43,6.94,9.45,5.28,7.88,5.8,55.51,11.26,Low
EMP06011,39,8,92.92,9,69,30,82.61,6.51,5.08,7.49,8.05,9.97,80.53,3.45,Medium
EMP06012,54,6,88.73,8,22,67,74.31,6.11,6.14,7.02,8.03,5.68,85.19,2.48,Medium
EMP06013,58,20,85.01,2,61,17,74.89,5.93,8.48,5.79,9.33,9.06,67.0,4.67,Medium
EMP06014,55,11,86.69,1,58,51,82.62,6.37,7.54,5.77,5.68,6.1,99.24,3.1,Medium
EMP06015,41,28,86.83,3,54,46,92.38,8.14,7.67,5.8,5.31,7.2,92.06,9.53,Medium
EMP06016,56,27,99.19,7,79,35,65.35,6.2,7.08,8.0,6.12,6.62,74.66,2.46,Low
EMP06017,39,21,95.97,5,38,71,61.57,5.3,5.83,5.86,7.46,6.54,86.21,1.25,Medium
EMP06018,45,12,89.17,9,64,69,91.58,6.8,5.83,5.3,7.35,7.43,72.65,4.87,Medium
EMP06019,29,16,84.0,0,23,59,85.9,7.92,6.47,9.79,7.56,6.2,59.98,9.63,Low
EMP06020,51,18,96.22,7,50,32,92.85,5.3,7.34,5.2,5.57,7.73,57.97,8.16,Low
EMP06021,31,13,83.14,4,61,67,99.07,7.26,9.12,8.32,8.96,6.25,64.5,6.84,Medium
EMP06022,44,22,84.21,5,57,62,70.06,5.26,7.23,9.68,6.51,9.86,94.79,6.04,Medium
EMP06023,32,3,87.32,4,52,71,67.77,8.84,9.49,5.19,9.57,6.2,68.79,8.14,Medium
EMP06024,23,15,97.61,9,25,60,73.64,9.36,5.6,9.83,9.2,8.82,95.34,6.41,Medium
EMP06025,47,22,82.64,4,27,25,95.12,9.82,6.36,7.51,5.32,7.35,89.91,9.52,Medium
EMP06026,57,28,82.44,2,47,64,60.56,8.46,5.35,8.93,5.27,5.19,80.35,10.53,Low
EMP06027,54,21,89.88,3,34,22,60.42,8.16,7.55,8.13,8.14,5.76,94.87,2.91,Medium
EMP06028,34,14,85.53,4,50,26,68.67,8.47,5.45,8.08,5.39,9.64,59.47,3.55,Low
EMP06029,46,18,91.37,1,27,65,75.04,9.27,8.98,8.94,7.86,9.1,53.81,6.65,Medium
EMP06030,25,28,89.03,5,73,66,72.09,9.04,5.2,5.33,5.4,5.72,87.52,10.52,Low
EMP06031,40,29,88.7,1,25,16,93.0,7.19,7.38,6.96,7.4,5.26,95.27,11.1,Medium
EMP06032,39,14,82.24,3,48,55,87.59,8.26,7.1,9.85,7.1,5.76,69.15,2.38,Low
EMP06033,58,5,82.82,0,70,36,93.51,5.81,6.01,5.27,7.95,7.92,50.23,4.33,Low
EMP06034,51,21,96.42,3,65,23,75.35,8.47,7.93,6.31,6.78,8.17,88.32,9.47,Medium
EMP06035,40,14,97.72,6,53,28,83.83,8.65,6.93,8.36,5.7,6.89,68.25,11.27,Low
EMP06036,44,25,84.69,7,26,29,80.62,9.01,5.99,5.5,9.21,6.4,79.28,1.89,Medium
EMP06037,37,27,82.27,1,59,25,78.99,9.09,9.13,7.68,6.5,6.03,60.47,6.16,Low
EMP06038,22,8,81.07,2,29,27,71.52,7.2,8.3,8.57,5.34,7.19,84.07,6.45,Low
EMP06039,33,28,92.17,0,32,70,88.37,9.52,5.06,8.79,7.5,5.11,76.59,1.09,Medium
EMP06040,45,28,94.31,6,41,42,80.96,9.9,7.51,7.81,9.39,5.04,51.41,10.4,Low
EMP06041,55,23,87.46,3,40,39,63.14,9.89,6.36,7.5,6.4,8.99,50.31,2.18,Low
EMP06042,29,15,93.59,9,71,51,60.02,7.93,9.58,8.57,7.25,7.65,71.89,10.21,Low
EMP06043,39,28,94.26,7,20,20,60.81,7.8,8.63,5.73,7.01,8.91,58.2,1.23,Low
EMP06044,26,29,98.71,4,60,69,63.04,7.29,8.06,8.4,5.24,5.57,95.28,11.81,Low
EMP06045,47,15,81.3,8,78,51,74.84,6.5,5.45,9.6,9.34,9.08,55.22,6.77,Medium
EMP06046,51,19,83.85,5,61,47,72.23,6.67,9.65,8.41,8.79,9.61,85.81,4.29,Medium
EMP06047,34,26,81.37,9,71,39,66.27,6.08,5.72,5.23,5.48,7.67,67.5,7.67,Low
EMP06048,40,20,97.36,1,21,64,80.62,9.78,7.25,7.53,5.66,5.53,96.75,4.12,Medium
EMP06049,50,6,95.85,0,71,37,98.81,8.1,8.41,8.63,5.05,5.62,56.65,2.19,Low
EMP06050,24,19,91.49,0,48,74,66.43,9.67,7.47,5.22,9.93,5.97,88.89,3.77,Medium
EMP06051,47,27,81.67,8,30,70,70.02,6.94,9.41,8.81,7.08,5.93,97.96,10.25,Medium
EMP06052,33,25,85.47,0,56,22,78.48,6.49,9.18,6.41,9.65,9.72,97.85,3.72,Medium
EMP06053,23,8,85.95,2,69,31,85.63,5.66,5.68,7.94,7.1,9.0,62.81,5.52,Low
EMP06054,32,6,91.21,1,26,45,84.01,6.5,8.09,9.83,5.52,6.59,64.82,7.04,Low
EMP06055,49,20,85.16,3,54,40,80.85,9.45,5.26,9.97,6.72,9.08,57.47,10.57,Low
EMP06056,39,23,81.46,0,49,69,89.49,7.91,8.6,8.17,7.09,8.86,68.63,1.12,Medium
EMP06057,34,29,94.62,0,35,71,93.84,7.26,8.68,7.46,5.88,6.78,84.1,10.7,Medium
EMP06058,58,15,85.98,3,34,25,99.96,7.84,6.72,5.89,5.27,5.15,50.54,9.15,Low
EMP06059,43,27,89.05,3,59,44,78.62,9.46,8.93,6.04,6.58,5.04,82.52,5.25,Medium
EMP06060,33,3,82.55,6,39,25,99.8,5.96,8.26,7.15,7.7,6.63,50.89,11.91,Low
EMP06061,23,10,96.05,7,47,17,89.22,9.83,7.52,8.51,6.28,5.23,83.37,1.65,Medium
EMP06062,58,15,91.31,7,78,54,86.29,8.33,7.28,8.85,9.79,5.61,92.02,9.12,Medium
EMP06063,28,24,98.03,7,56,54,85.59,9.28,5.55,6.11,7.41,6.27,68.01,8.92,Medium
EMP06064,47,16,89.91,8,22,71,96.43,7.63,7.66,7.68,5.65,5.9,70.33,11.42,Low
EMP06065,47,17,98.83,0,48,70,97.92,6.18,5.78,7.96,7.07,5.72,86.38,10.07,Medium
EMP06066,45,19,97.84,8,78,67,67.14,7.84,8.28,9.47,8.54,6.31,90.46,7.33,Medium
EMP06067,33,11,91.53,9,56,35,79.74,5.34,7.97,9.38,7.44,8.68,99.98,3.56,Medium
EMP06068,37,16,98.68,7,28,49,97.66,9.26,6.45,9.09,6.66,7.22,77.03,6.61,Medium
EMP06069,44,5,86.46,0,46,42,75.28,8.25,6.23,7.58,5.53,8.32,92.73,2.13,Medium
EMP06070,30,5,87.31,6,51,36,69.31,6.41,7.38,5.33,7.3,9.64,52.81,6.37,Low
EMP06071,53,26,80.91,8,67,56,64.11,6.37,7.56,6.67,5.49,5.01,55.35,3.13,Low
EMP06072,36,14,91.78,3,65,65,83.89,9.51,8.99,8.11,6.85,9.76,93.52,11.28,Medium
EMP06073,58,18,94.44,8,69,60,88.01,9.2,6.52,8.19,5.58,6.4,68.92,5.47,Low
EMP06074,34,26,95.47,0,58,32,67.82,8.82,7.02,9.25,8.38,6.44,61.3,2.64,Low
EMP06075,26,8,83.0,8,50,37,86.95,7.07,6.72,6.9,8.86,8.15,70.26,1.26,Medium
EMP06076,32,5,88.88,5,66,40,95.98,9.36,6.97,9.68,6.22,6.8,76.28,4.63,Medium
EMP06077,31,7,83.54,3,45,49,69.74,6.23,7.84,5.82,5.37,5.4,66.21,1.64,Low
EMP06078,34,16,93.24,4,59,43,64.88,5.12,7.79,5.25,6.74,8.56,59.88,6.05,Low
EMP06079,36,23,83.16,6,22,66,93.42,7.16,6.81,5.88,7.8,5.92,51.85,1.52,Low
EMP06080,28,14,98.08,9,30,60,96.66,9.6,8.01,7.31,8.84,9.65,88.38,10.17,High
EMP06081,49,5,84.61,3,71,25,68.59,7.86,8.08,9.11,7.01,9.94,95.2,6.12,Medium
EMP06082,53,24,85.83,7,48,56,88.86,6.15,7.63,5.77,6.83,5.91,50.86,9.72,Low
EMP06083,56,9,97.02,2,46,70,83.64,8.25,7.26,7.74,9.54,8.77,67.47,5.0,Medium
EMP06084,36,4,89.17,1,77,60,69.57,8.72,5.39,8.88,7.25,9.96,94.63,9.45,Medium
EMP06085,57,4,80.48,0,69,15,92.95,7.75,7.71,5.17,7.24,9.78,51.03,5.46,Medium
EMP06086,42,16,89.89,5,66,30,78.82,9.21,8.56,5.21,7.05,7.82,86.57,8.39,Medium
EMP06087,27,24,81.69,1,29,39,88.01,7.96,6.08,7.45,6.82,6.56,62.16,8.85,Low
EMP06088,22,17,99.71,7,76,52,72.06,5.48,8.89,5.91,8.64,5.06,88.65,7.63,Medium
EMP06089,25,15,91.76,9,54,32,92.63,9.05,7.93,7.25,6.41,9.49,83.96,1.61,Medium
EMP06090,32,4,85.13,3,66,30,70.57,5.73,6.19,5.22,6.89,5.18,97.06,5.04,Low
EMP06091,47,6,91.27,8,76,33,74.59,9.41,5.81,9.88,6.41,7.88,65.33,9.54,Low
EMP06092,58,16,81.54,3,42,30,75.66,7.61,6.23,8.27,7.85,5.93,57.58,11.17,Low
EMP06093,44,29,96.0,3,25,19,68.26,8.66,8.8,8.43,9.8,6.21,74.75,8.27,Medium
EMP06094,50,4,98.51,7,30,41,94.97,9.86,6.25,7.55,6.95,5.12,99.24,11.64,Medium
EMP06095,42,6,97.49,7,79,58,64.54,7.16,8.42,9.12,9.84,5.18,52.02,4.02,Low
EMP06096,48,5,86.84,4,62,20,82.53,7.3,7.73,9.17,8.28,6.75,58.92,2.5,Low
EMP06097,34,16,86.52,2,70,71,92.57,9.13,7.73,5.8,8.98,9.39,92.86,4.61,High
EMP06098,44,25,80.7,1,46,48,83.24,5.55,9.26,8.84,6.67,7.83,84.31,8.46,Medium
EMP06099,37,16,93.03,8,74,30,73.08,5.14,9.37,7.83,6.12,7.69,71.25,5.3,Low
EMP06100,51,10,90.7,8,50,67,91.25,8.02,7.68,8.81,7.88,8.1,74.68,8.25,Medium
EMP06101,25,9,89.19,4,78,37,79.97,5.84,5.33,9.59,9.95,7.68,62.79,8.72,Medium
EMP06102,37,4,98.15,7,49,57,66.52,6.28,5.81,6.68,8.55,6.52,98.12,7.75,Medium
EMP06103,52,29,83.36,6,22,58,72.67,9.88,9.74,7.85,8.41,9.4,67.15,9.57,Medium
EMP06104,46,14,80.19,2,32,46,83.68,8.27,5.67,8.94,7.25,7.38,68.99,3.56,Medium
EMP06105,33,4,81.47,4,78,57,86.35,9.28,9.18,9.93,9.4,8.76,73.45,2.21,Medium
EMP06106,47,12,84.47,8,73,37,81.93,9.49,7.7,8.06,8.48,9.56,60.68,1.53,Medium
EMP06107,58,24,80.67,3,59,34,70.88,5.61,5.57,8.61,8.37,5.02,59.82,11.74,Low
EMP06108,54,10,90.06,2,40,33,83.75,9.64,9.6,9.23,6.46,7.39,80.03,8.9,Medium
EMP06109,49,4,86.28,6,62,43,73.3,9.33,9.64,8.76,9.79,8.02,88.73,3.62,Medium
EMP06110,30,18,83.61,7,30,22,69.0,5.23,8.08,9.71,6.25,7.51,87.61,6.25,Low
EMP06111,33,13,95.0,4,64,43,97.82,9.89,6.94,6.15,7.62,9.51,78.28,1.68,Medium
EMP06112,26,13,84.09,7,22,32,72.59,7.29,8.04,9.54,6.7,9.7,81.95,8.31,Medium
EMP06113,49,14,93.75,4,57,19,73.42,9.87,8.14,6.04,5.9,5.67,78.18,11.64,Low
EMP06114,56,18,86.99,8,50,26,95.87,9.12,8.11,7.83,5.72,6.51,93.75,8.76,Medium
EMP06115,26,1,90.24,6,43,24,65.71,7.2,8.67,7.61,6.46,6.32,69.37,7.85,Low
EMP06116,55,21,98.68,4,61,61,83.38,7.56,5.34,9.16,8.44,7.48,56.16,11.14,Low
EMP06117,55,16,80.75,8,70,51,91.35,6.38,5.51,6.99,9.87,6.91,71.77,6.64,Medium
EMP06118,34,15,90.01,4,31,31,70.95,7.43,6.41,5.72,9.27,6.8,93.54,9.2,Medium
EMP06119,35,22,97.09,7,65,46,93.76,5.54,6.75,8.53,6.09,7.67,95.04,11.26,Medium
EMP06120,32,25,91.76,3,62,69,90.79,9.54,8.19,8.03,5.39,7.45,79.47,8.12,Medium
EMP06121,59,5,85.54,8,46,18,79.44,8.57,5.86,9.14,8.43,7.33,53.11,6.79,Low
EMP06122,25,29,87.95,5,40,45,64.75,9.03,7.71,8.79,5.15,5.57,86.12,7.38,Low
EMP06123,54,6,93.61,5,44,40,98.8,7.66,5.93,9.47,9.3,7.7,82.65,9.46,Medium
EMP06124,28,6,97.82,2,49,26,84.97,5.63,6.78,9.2,9.13,5.29,72.58,1.57,Medium
EMP06125,29,3,80.82,2,49,32,80.68,7.69,9.68,8.43,8.97,8.08,58.15,4.61,Medium
EMP06126,58,16,81.43,3,77,22,95.42,6.65,9.48,7.33,7.76,8.12,80.32,1.57,Medium
EMP06127,31,12,86.5,0,29,46,76.85,5.05,9.77,5.1,9.87,6.3,74.12,9.65,Medium
EMP06128,36,4,84.66,5,22,34,82.55,8.08,7.96,6.54,7.29,5.68,53.02,11.06,Low
EMP06129,59,1,85.3,0,32,63,94.34,9.27,7.51,8.64,9.93,8.99,69.89,5.39,Medium
EMP06130,36,4,84.43,3,79,54,75.72,8.55,9.24,5.3,9.41,8.85,96.93,3.77,Medium
EMP06131,26,1,83.92,6,46,27,90.9,6.12,5.4,8.78,5.63,9.73,70.57,1.45,Medium
EMP06132,50,21,82.61,5,37,73,70.25,9.1,9.89,7.58,9.47,7.23,71.47,1.08,Medium
EMP06133,40,27,98.68,7,78,37,88.09,6.55,7.31,9.34,6.52,6.58,77.87,7.0,Medium
EMP06134,31,27,82.88,3,64,17,80.42,6.09,8.38,8.3,8.84,6.51,64.86,4.67,Low
EMP06135,33,8,84.09,8,43,49,66.6,9.81,8.64,8.99,5.0,5.9,53.68,11.61,Low
EMP06136,25,24,84.93,9,65,53,65.44,5.08,8.14,5.86,6.38,6.75,80.06,9.99,Low
EMP06137,52,5,98.66,7,33,64,78.31,5.84,9.46,5.86,8.79,5.64,74.75,5.96,Medium
EMP06138,39,26,95.11,4,58,35,88.43,7.34,6.44,6.06,9.86,9.36,84.16,3.18,Medium
EMP06139,37,2,95.79,5,63,21,84.13,5.84,7.66,6.67,5.85,6.73,73.82,5.21,Low
EMP06140,57,12,82.1,4,76,68,94.19,5.83,7.15,9.52,7.3,7.74,62.37,1.79,Low
EMP06141,46,22,96.73,5,23,40,75.59,8.17,8.52,8.87,7.94,5.33,69.22,7.85,Low
EMP06142,44,17,88.16,0,35,37,93.75,9.1,6.98,6.82,9.76,6.4,50.68,10.52,Medium
EMP06143,33,7,85.26,3,70,46,61.48,8.31,9.46,9.59,7.27,6.12,57.76,5.79,Low
EMP06144,55,11,91.52,8,29,16,74.63,5.51,7.45,8.89,9.67,9.43,89.3,6.28,Medium
EMP06145,57,4,96.44,3,67,53,62.92,9.48,7.68,8.28,9.89,5.9,96.58,11.32,Medium
EMP06146,58,5,95.57,1,56,16,96.77,9.61,7.47,7.18,9.71,8.98,68.26,4.41,Medium
EMP06147,24,6,97.8,5,46,53,79.01,6.41,8.11,8.26,8.74,6.41,96.37,2.12,Medium
EMP06148,30,11,98.56,1,67,60,72.65,7.77,7.55,7.97,5.63,6.06,81.77,1.76,Low
EMP06149,39,1,84.76,2,20,29,79.7,7.43,9.69,8.91,8.01,5.05,64.02,9.45,Low
EMP06150,56,25,88.48,6,24,30,81.31,8.34,5.66,6.13,8.77,6.46,79.99,3.4,Medium
EMP06151,55,10,80.29,3,32,70,93.85,9.89,5.07,9.43,9.77,5.35,90.41,11.99,Medium
EMP06152,35,20,97.59,0,64,40,81.7,9.93,7.61,7.96,8.89,6.81,89.29,11.59,Medium
EMP06153,25,24,83.09,8,22,22,77.26,7.55,8.82,9.03,7.69,5.26,94.26,10.39,Medium
EMP06154,50,21,97.23,5,36,30,98.45,5.46,8.24,6.74,6.03,5.32,89.36,6.54,Medium
EMP06155,36,11,86.59,8,38,35,98.74,6.67,9.81,6.96,7.29,6.77,84.78,6.59,Medium
EMP06156,49,24,87.36,2,56,53,61.54,7.07,5.91,9.69,8.19,7.24,69.19,11.25,Low
EMP06157,37,17,80.78,4,24,25,88.27,7.67,8.47,8.11,6.62,6.66,58.99,4.27,Low
EMP06158,33,8,86.54,8,66,38,74.87,9.8,9.08,6.59,7.28,5.12,55.63,6.35,Low
EMP06159,26,27,97.77,5,61,50,87.01,6.31,9.56,5.41,5.09,5.89,90.63,5.43,Low
EMP06160,55,13,80.51,1,63,32,85.48,7.68,7.64,7.17,9.4,9.7,88.34,4.94,Medium
EMP06161,22,27,88.13,0,43,37,73.2,6.46,6.82,9.25,5.17,7.86,94.72,10.81,Low
EMP06162,53,20,80.63,8,62,27,99.47,9.6,9.78,6.26,7.05,9.27,53.53,8.97,Medium
EMP06163,47,18,87.42,0,52,63,74.28,9.95,8.96,9.3,7.55,5.26,81.77,11.39,Medium
EMP06164,38,27,83.45,4,74,58,85.28,9.35,7.35,5.81,9.86,5.04,86.02,1.79,Medium
EMP06165,48,22,85.04,0,40,64,92.54,6.69,8.26,5.65,9.68,8.91,70.63,10.1,Medium
EMP06166,45,16,97.55,4,22,56,65.82,6.39,6.39,8.03,8.23,6.92,76.57,4.61,Medium
EMP06167,56,2,88.72,4,23,53,72.02,7.16,8.07,9.02,7.92,6.85,74.83,7.5,Low
EMP06168,47,5,85.48,6,70,58,67.96,8.74,7.7,8.9,6.83,6.19,71.75,8.74,Low
EMP06169,59,18,91.79,6,51,58,91.27,5.05,5.2,7.72,5.21,5.8,64.53,2.56,Low
EMP06170,44,3,82.84,9,43,72,92.05,9.98,9.33,8.19,6.34,9.14,99.45,9.23,Medium
EMP06171,43,27,85.19,0,71,59,70.24,9.42,7.45,6.29,9.24,5.31,94.17,4.75,Medium
EMP06172,25,22,90.92,8,54,15,60.17,5.12,7.4,7.76,8.24,7.49,89.33,4.06,Medium
EMP06173,30,17,84.75,0,37,21,76.93,6.91,6.42,6.04,9.07,6.8,92.09,6.19,Medium
EMP06174,25,16,93.58,4,22,62,87.49,8.44,5.98,9.64,9.18,6.38,91.87,9.61,Medium
EMP06175,28,6,89.83,6,58,62,84.9,6.21,6.46,8.39,5.31,8.8,53.74,5.5,Low
EMP06176,44,19,95.44,7,73,35,77.83,5.71,8.25,7.82,6.69,9.39,78.74,7.0,Medium
EMP06177,23,7,98.96,1,45,30,72.08,8.15,5.49,6.24,8.38,5.97,73.54,3.62,Medium
EMP06178,45,18,82.32,0,79,62,78.98,9.52,6.66,7.04,9.27,5.39,59.94,4.5,Medium
EMP06179,52,14,86.69,3,72,28,60.6,9.78,9.89,8.9,9.01,6.88,63.06,11.36,Low
EMP06180,52,6,86.39,3,43,57,62.95,5.05,6.36,6.2,7.11,7.2,57.07,11.11,Low
EMP06181,55,8,83.02,9,78,65,66.51,9.37,9.83,5.64,9.66,5.27,73.66,10.76,Medium
EMP06182,45,15,96.21,5,20,57,85.02,7.8,5.52,6.54,6.5,7.35,62.82,5.27,Low
EMP06183,47,15,95.2,0,70,16,68.75,6.19,8.97,8.97,6.88,9.76,60.63,1.32,Low
EMP06184,37,15,89.69,0,69,45,76.94,8.08,7.2,9.42,5.91,6.93,77.44,11.11,Low
EMP06185,34,16,90.76,2,53,53,84.86,9.98,5.97,7.07,6.13,9.5,60.63,5.41,Medium
EMP06186,36,1,81.19,4,79,23,93.22,6.38,8.94,8.91,5.04,9.24,79.48,9.84,Low
EMP06187,48,11,91.11,5,78,55,81.99,6.38,5.03,6.66,6.54,7.18,57.78,6.67,Low
EMP06188,25,27,95.83,4,31,28,67.09,8.49,6.74,7.54,6.53,8.53,85.28,10.83,Medium
EMP06189,37,29,91.48,4,36,72,98.07,5.22,8.02,5.1,5.34,6.05,65.16,2.29,Low
EMP06190,51,25,85.31,8,40,24,63.6,9.1,6.15,8.56,6.7,5.68,88.17,10.13,Low
EMP06191,51,5,93.35,1,40,62,74.68,8.26,6.66,8.59,6.51,5.01,89.83,10.54,Low
EMP06192,57,5,87.23,0,22,38,96.85,9.21,5.46,5.5,9.0,5.37,99.29,4.19,Medium
EMP06193,24,29,90.9,5,63,64,84.09,6.15,9.27,6.79,5.78,8.14,50.83,7.88,Low
EMP06194,43,28,89.75,8,47,47,86.51,9.24,7.11,7.42,8.63,9.43,90.49,1.61,Medium
EMP06195,43,21,87.62,6,44,70,72.07,7.24,5.73,8.87,5.65,9.89,74.09,4.45,Medium
EMP06196,33,6,94.38,7,63,48,63.14,5.66,6.0,9.12,7.48,7.41,56.14,5.1,Low
EMP06197,42,2,97.68,4,25,34,74.63,9.51,6.38,8.6,8.68,5.7,87.89,2.04,Medium
EMP06198,25,6,80.1,9,61,42,76.09,8.53,6.15,6.08,8.03,5.0,53.29,5.77,Low
EMP06199,52,14,98.67,3,49,18,70.81,5.84,7.52,6.78,8.23,9.92,93.38,8.13,Medium
EMP06200,52,11,90.23,5,51,48,68.62,6.23,9.53,6.24,6.03,9.09,81.62,8.14,Low
EMP06201,44,4,94.01,2,41,18,74.22,6.34,5.92,8.19,9.14,7.62,59.43,6.17,Low
EMP06202,41,24,97.11,0,77,69,85.58,9.82,7.27,8.24,9.76,6.23,84.04,2.36,Medium
EMP06203,36,29,89.34,3,57,20,97.96,9.43,8.32,5.08,5.77,7.59,58.36,1.87,Medium
EMP06204,44,27,96.7,8,33,72,88.15,6.73,5.92,8.66,9.44,9.19,78.27,10.05,Medium
EMP06205,49,25,83.55,3,53,36,91.18,7.33,5.77,6.15,6.99,7.78,50.25,7.16,Low
EMP06206,37,9,83.18,0,62,18,72.24,6.43,5.78,9.01,8.49,9.98,96.86,9.25,Medium
EMP06207,58,24,93.15,3,66,64,64.19,8.71,9.41,9.16,7.53,5.53,53.2,1.36,Low
EMP06208,42,3,97.4,6,77,19,71.66,5.81,8.56,8.98,8.97,9.91,87.49,5.86,Medium
EMP06209,36,26,97.85,2,45,25,76.11,6.69,6.68,7.04,5.23,7.92,85.25,10.94,Low
EMP06210,38,16,92.87,9,59,59,87.6,8.03,9.51,6.74,6.62,7.84,82.58,8.79,Medium
EMP06211,58,11,90.51,5,73,49,97.57,9.39,9.77,7.18,5.24,6.8,51.96,9.43,Low
EMP06212,34,27,86.63,0,32,33,92.37,8.18,6.99,7.64,9.71,5.2,82.78,6.18,Medium
EMP06213,40,4,99.6,3,49,66,70.66,9.7,7.55,6.25,5.85,8.8,80.64,9.2,Medium
EMP06214,51,1,86.39,2,38,25,92.81,9.65,6.79,9.66,7.12,6.38,81.63,8.39,Medium
EMP06215,39,25,94.88,0,61,25,76.47,8.59,6.14,7.52,8.21,6.75,76.91,2.47,Medium
EMP06216,35,21,90.64,2,60,67,67.02,6.39,8.9,5.37,7.31,7.67,66.52,2.0,Low
EMP06217,57,22,92.17,3,69,41,78.45,8.42,8.25,9.99,7.68,5.28,61.71,2.94,Low
EMP06218,57,16,87.87,4,58,16,82.53,5.96,6.83,7.42,6.02,5.05,72.82,1.87,Low
EMP06219,41,19,99.3,5,22,68,90.54,6.67,5.07,9.73,5.34,5.52,69.25,7.36,Low
EMP06220,40,16,91.43,1,50,61,74.0,8.79,8.82,6.95,6.29,8.68,84.39,11.62,Medium
EMP06221,28,11,98.76,1,31,68,65.87,9.25,7.39,6.12,6.59,5.95,63.53,9.51,Low
EMP06222,25,26,80.15,5,34,22,63.77,7.08,5.37,8.68,7.08,7.57,89.59,9.2,Medium
EMP06223,55,8,91.45,4,73,48,64.5,7.62,5.62,7.16,6.48,5.93,98.99,10.13,Medium
EMP06224,23,23,94.34,0,72,54,98.0,6.93,8.14,9.41,5.18,6.42,84.93,10.91,Low
EMP06225,26,1,94.9,2,64,70,98.07,7.4,7.73,7.32,5.47,5.19,75.62,4.34,Low
EMP06226,31,26,98.1,4,57,34,98.75,7.56,6.2,6.69,8.37,6.83,58.57,1.99,Medium
EMP06227,53,28,80.09,1,59,37,72.1,8.46,5.7,9.83,5.32,5.68,99.11,9.26,Low
EMP06228,34,21,80.01,0,33,29,67.66,8.75,9.42,9.15,5.23,7.79,63.64,5.7,Low
EMP06229,26,26,89.45,8,54,62,99.24,9.88,5.67,6.03,9.06,9.18,78.42,11.4,Medium
EMP06230,31,9,80.59,4,35,27,99.53,7.19,5.43,7.44,5.21,9.39,72.13,11.27,Low
EMP06231,31,28,99.49,1,69,69,63.13,5.42,8.1,5.57,5.34,9.67,59.97,11.71,Low
EMP06232,59,27,84.44,9,43,45,90.1,8.44,6.26,5.54,7.75,5.62,89.04,9.52,Medium
EMP06233,48,12,89.45,3,36,63,71.55,7.49,8.28,9.27,7.21,7.58,55.89,7.74,Low
EMP06234,42,22,81.22,2,37,60,96.37,9.21,7.45,9.66,9.82,5.57,71.49,9.44,Medium
EMP06235,29,8,90.44,6,61,28,63.57,5.73,6.06,8.69,9.68,6.53,60.57,4.03,Low
EMP06236,22,26,87.6,0,36,15,95.54,8.22,5.35,9.95,8.3,6.16,77.48,1.02,Medium
EMP06237,49,17,80.89,9,35,70,60.1,7.3,5.35,5.23,5.36,5.06,93.04,6.07,Low
EMP06238,35,10,86.7,3,40,41,80.88,7.1,7.93,6.66,7.52,9.66,94.54,8.04,Medium
EMP06239,42,27,87.83,6,43,47,73.42,7.82,8.79,5.66,5.23,8.91,76.52,10.23,Low
EMP06240,51,7,99.8,9,53,49,77.09,8.42,8.45,8.91,9.54,7.59,62.08,1.56,Medium
EMP06241,42,19,84.16,4,71,68,77.35,9.25,7.96,9.45,8.3,6.72,69.17,1.5,Medium
EMP06242,30,25,90.9,3,55,70,86.14,6.18,6.05,7.24,7.87,7.06,84.44,11.3,Medium
EMP06243,38,6,99.75,3,62,29,60.92,6.47,9.31,9.15,7.14,6.03,64.39,3.21,Low
EMP06244,26,21,95.84,1,46,19,87.65,7.74,8.14,9.24,7.55,9.84,57.67,8.57,Medium
EMP06245,52,24,99.87,7,58,51,60.89,6.73,8.47,5.7,7.0,6.43,63.91,2.62,Low
EMP06246,59,24,99.37,3,36,18,67.41,7.84,6.12,6.88,5.5,5.37,56.08,10.91,Low
EMP06247,40,28,89.79,1,44,60,84.27,6.0,6.31,5.94,8.3,7.82,63.83,9.23,Low
EMP06248,57,28,93.93,8,70,34,63.46,6.54,9.54,8.35,9.98,8.74,52.18,1.6,Medium
EMP06249,54,19,82.21,9,57,53,99.64,6.62,7.38,6.94,5.56,9.86,53.12,3.99,Low
EMP06250,34,18,88.82,6,61,36,91.38,9.96,7.77,8.34,9.97,8.11,92.92,11.67,Medium
EMP06251,35,15,96.18,2,40,38,88.23,9.27,5.55,9.38,9.5,5.92,58.91,10.31,Medium
EMP06252,54,2,90.11,6,23,61,70.71,9.19,6.97,7.06,9.47,6.96,92.19,1.52,Medium
EMP06253,50,14,94.05,0,44,25,61.94,7.57,9.44,9.86,9.16,6.58,99.79,4.38,Medium
EMP06254,57,21,94.92,0,78,60,99.15,7.33,9.5,7.04,9.62,5.1,69.52,4.62,Medium
EMP06255,31,10,85.07,3,79,20,65.91,5.35,8.65,6.07,6.23,6.96,72.39,6.28,Low
EMP06256,52,28,97.51,3,49,41,93.22,5.99,7.73,7.65,7.19,9.0,64.3,4.03,Medium
EMP06257,27,16,89.2,3,76,24,67.9,9.48,9.65,7.0,7.4,7.03,55.96,10.12,Low
EMP06258,22,7,84.2,8,52,53,74.96,7.63,9.36,5.63,5.34,9.26,81.84,6.18,Medium
EMP06259,28,8,97.31,5,58,24,87.74,9.94,9.23,5.12,9.9,8.71,92.4,1.14,High
EMP06260,48,10,88.36,2,45,60,97.81,7.96,9.41,8.72,8.45,8.6,83.47,5.28,Medium
EMP06261,42,15,95.01,5,44,40,60.79,6.89,7.27,9.66,7.26,6.91,55.47,7.52,Low
EMP06262,49,8,90.96,1,72,51,70.43,6.37,7.63,7.2,9.96,5.27,80.33,8.25,Medium
EMP06263,37,13,87.64,1,35,68,90.6,9.59,7.12,5.33,6.36,9.41,81.96,2.06,Medium
EMP06264,44,12,96.2,6,68,47,66.94,6.85,8.7,8.7,6.69,8.19,84.49,6.47,Medium
EMP06265,41,8,91.69,2,43,65,64.46,5.73,7.96,9.34,5.95,5.45,53.47,5.73,Low
EMP06266,59,15,87.81,6,24,74,61.85,6.39,5.35,6.62,5.93,5.41,84.91,2.94,Low
EMP06267,46,26,82.19,2,73,22,80.1,8.23,5.68,6.11,5.94,8.07,80.23,2.98,Medium
EMP06268,49,12,97.91,1,74,65,90.71,5.67,5.96,6.69,8.05,7.11,93.41,11.7,Medium
EMP06269,26,11,80.71,3,61,63,98.47,5.46,8.35,9.54,6.47,5.95,58.26,5.55,Low
EMP06270,42,19,97.26,3,58,65,70.7,7.29,5.55,7.09,9.76,6.2,53.11,8.04,Low
EMP06271,39,14,87.2,2,32,42,64.85,5.42,7.7,8.27,9.08,6.93,90.64,3.27,Medium
EMP06272,27,27,92.79,8,49,62,76.1,6.96,9.2,5.37,5.81,8.75,55.15,11.52,Low
EMP06273,50,18,98.44,5,79,50,62.22,6.61,9.74,6.41,9.17,5.98,69.01,11.41,Low
EMP06274,40,13,83.03,4,26,54,73.25,6.96,7.14,6.14,6.73,8.51,93.45,9.73,Medium
EMP06275,54,4,91.34,5,66,39,85.72,7.44,7.67,5.31,6.14,5.9,63.91,5.8,Low
EMP06276,22,17,95.29,7,36,50,66.73,5.93,9.16,5.6,8.91,8.82,72.08,5.57,Medium
EMP06277,24,19,95.15,4,74,27,85.28,7.21,9.68,7.08,9.28,9.5,80.71,10.79,Medium
EMP06278,42,27,90.51,3,46,74,98.88,6.81,6.95,7.79,9.8,7.21,81.96,10.56,Medium
EMP06279,56,9,92.49,6,54,21,94.57,8.98,6.77,6.56,7.1,8.21,79.7,11.17,Medium
EMP06280,24,23,95.15,4,24,15,74.27,8.47,7.25,7.1,7.81,6.33,53.03,4.01,Low
EMP06281,46,7,96.82,3,61,23,76.86,9.36,6.27,8.8,8.07,9.64,88.92,8.28,Medium
EMP06282,59,1,95.24,4,24,73,76.77,8.35,9.3,6.24,8.14,7.13,89.75,8.39,Medium
EMP06283,41,7,87.08,3,43,42,94.4,5.61,6.59,5.17,7.01,7.48,55.22,4.96,Low
EMP06284,55,26,99.93,7,26,50,99.75,7.54,7.25,6.28,5.76,6.31,86.98,2.04,Medium
EMP06285,42,7,88.69,7,26,60,93.04,8.71,6.6,9.61,5.35,5.97,75.19,2.15,Low
EMP06286,44,20,80.49,0,73,44,82.32,9.21,5.59,5.09,9.53,6.14,50.63,10.27,Low
EMP06287,27,7,87.25,2,74,23,63.89,5.91,8.03,5.64,6.83,7.38,84.71,4.76,Low
EMP06288,34,8,82.56,3,33,44,98.18,6.12,7.94,5.33,5.9,5.69,73.04,10.79,Low
EMP06289,44,16,82.43,1,74,49,94.4,9.31,6.47,6.88,9.92,6.94,56.33,4.15,Medium
EMP06290,30,3,85.63,4,34,61,93.66,7.43,5.16,8.24,9.01,6.91,58.79,3.23,Medium
EMP06291,38,13,81.07,7,24,41,75.67,7.26,9.68,9.55,9.91,7.17,87.89,5.32,Medium
EMP06292,23,10,93.77,1,56,43,77.89,7.47,6.78,8.97,6.39,7.11,97.26,8.96,Medium
EMP06293,40,18,81.48,8,23,19,64.79,5.87,7.69,6.25,7.32,6.37,58.2,7.82,Low
EMP06294,40,7,84.07,6,49,15,97.51,8.14,5.72,8.17,9.04,6.83,70.12,2.65,Medium
EMP06295,28,21,81.86,5,39,57,97.73,9.04,6.26,8.32,7.76,9.51,65.98,11.79,Medium
EMP06296,41,21,81.26,7,72,65,70.18,9.19,7.18,5.45,6.77,5.19,79.34,11.76,Low
EMP06297,30,5,85.36,1,45,19,87.84,5.15,7.81,7.14,5.79,5.44,59.76,3.99,Low
EMP06298,38,23,91.44,4,28,68,68.14,8.58,9.27,6.56,7.81,9.64,78.95,6.83,Medium
EMP06299,48,25,99.29,3,49,43,75.72,5.46,6.45,5.79,7.99,6.36,91.56,3.5,Medium
EMP06300,23,27,97.51,7,78,70,72.1,9.83,9.36,5.29,8.6,6.52,82.06,11.91,Medium
EMP06301,57,24,97.52,0,63,31,75.58,7.41,7.29,5.14,8.95,6.72,59.71,4.83,Medium
EMP06302,40,22,83.52,2,67,65,72.36,8.88,7.16,9.29,5.59,5.52,87.45,10.92,Low
EMP06303,38,7,85.3,9,41,63,73.81,8.11,6.98,6.65,8.14,8.84,73.01,5.72,Medium
EMP06304,26,25,81.53,7,59,51,91.64,9.76,9.43,7.47,8.91,5.82,55.65,8.88,Low
EMP06305,39,27,95.57,4,60,38,72.0,9.87,6.26,6.46,6.95,8.51,66.36,10.96,Medium
EMP06306,28,22,81.4,3,63,66,92.59,6.39,9.29,5.83,6.38,6.16,62.07,7.83,Low
EMP06307,38,17,91.13,5,49,41,82.72,7.41,5.45,6.31,7.4,8.41,92.17,3.54,Medium
EMP06308,57,4,84.96,4,39,23,91.22,7.52,9.78,5.85,6.55,9.86,61.35,9.77,Medium
EMP06309,25,24,84.87,2,47,68,96.76,5.89,7.52,8.79,7.55,7.55,75.6,11.0,Medium
EMP06310,59,23,99.81,4,26,52,65.54,9.52,9.99,9.54,6.54,6.59,82.62,1.98,Medium
EMP06311,46,16,95.14,3,72,73,73.76,6.75,8.04,7.17,7.11,6.89,52.82,5.11,Low
EMP06312,26,19,96.74,0,23,67,62.22,5.44,5.59,9.11,9.58,6.92,57.05,11.92,Low
EMP06313,51,10,91.44,0,47,27,76.28,5.77,5.3,7.13,9.58,5.63,89.36,8.17,Medium
EMP06314,33,3,97.42,6,74,40,69.5,7.57,5.97,7.23,9.96,9.09,67.19,2.92,Medium
EMP06315,25,27,92.91,3,54,67,82.87,9.41,7.11,7.43,7.43,6.9,85.1,10.27,Medium
EMP06316,45,3,98.92,0,52,25,91.34,8.14,8.74,9.1,5.84,8.59,87.96,6.18,Medium
EMP06317,50,28,85.63,5,26,69,79.45,6.07,5.0,9.68,9.45,6.35,82.13,10.48,Medium
EMP06318,30,17,91.91,0,28,38,73.34,6.48,6.29,8.72,7.98,6.78,79.09,9.4,Medium
EMP06319,25,10,93.8,7,53,69,66.1,9.88,7.94,9.44,8.74,9.43,74.75,8.94,Medium
EMP06320,45,17,87.86,8,58,47,61.07,5.26,6.49,8.21,5.81,7.12,69.65,3.97,Low
EMP06321,35,22,97.59,2,61,63,87.12,9.97,6.78,9.2,6.6,6.77,57.47,7.14,Low
EMP06322,26,17,99.6,6,53,72,61.22,9.53,6.5,7.78,6.38,6.57,98.64,10.41,Medium
EMP06323,39,21,89.88,4,32,20,96.83,8.39,9.77,8.86,7.8,9.46,82.1,10.4,Medium
EMP06324,40,4,87.81,2,48,49,83.77,9.72,5.33,8.53,9.99,7.11,59.71,2.88,Medium
EMP06325,33,21,89.44,4,54,30,74.13,5.76,9.54,8.75,8.06,9.39,91.82,5.41,Medium
EMP06326,39,23,97.05,9,64,27,61.68,9.71,6.62,6.17,7.86,6.5,91.12,6.06,Medium
EMP06327,38,6,92.91,6,29,58,76.54,6.06,6.23,5.77,8.8,9.89,87.65,6.29,Medium
EMP06328,51,12,80.9,6,49,71,94.69,7.73,9.42,8.27,6.64,7.51,55.78,6.04,Low
EMP06329,45,25,90.84,8,63,25,98.79,7.44,6.44,7.41,6.27,5.82,50.9,2.06,Low
EMP06330,32,22,80.35,7,45,37,63.4,7.56,9.94,8.82,9.19,7.12,85.41,10.94,Medium
EMP06331,56,25,95.57,3,54,16,91.09,6.34,7.74,5.73,9.8,8.41,60.23,9.6,Medium
EMP06332,44,20,86.57,4,47,74,70.33,8.9,7.38,9.74,7.11,9.44,92.04,5.74,Medium
EMP06333,38,17,89.44,4,48,44,75.18,8.71,9.88,8.52,5.21,5.64,83.64,11.46,Low
EMP06334,22,17,95.97,9,71,33,81.91,9.77,6.13,5.11,5.9,7.79,68.72,6.96,Medium
EMP06335,36,10,80.93,1,25,54,99.79,7.53,9.54,7.88,9.28,7.66,74.38,1.64,Medium
EMP06336,53,7,83.17,6,22,59,68.35,7.74,7.96,6.56,5.61,6.64,75.14,5.87,Low
EMP06337,30,29,87.96,6,48,60,65.22,9.52,8.77,6.37,8.82,7.04,68.95,3.27,Medium
EMP06338,36,16,84.6,8,76,61,83.8,9.6,7.91,9.51,8.1,6.52,58.97,11.98,Low
EMP06339,49,29,86.76,8,21,63,94.12,8.25,8.09,9.18,8.63,6.51,99.72,2.36,Medium
EMP06340,45,13,99.96,3,74,29,85.93,9.1,5.77,5.05,6.28,7.67,87.46,4.37,Medium
EMP06341,56,3,96.51,4,41,67,73.9,7.53,5.76,5.91,5.09,5.3,57.82,8.46,Low
EMP06342,43,2,97.68,6,65,56,99.08,6.94,6.99,8.6,5.2,7.41,51.73,3.46,Low
EMP06343,48,16,98.74,9,66,47,99.8,9.32,6.73,9.24,8.62,6.62,67.22,2.23,Medium
EMP06344,40,6,86.82,6,69,58,90.83,8.89,8.56,8.59,8.07,7.32,77.72,5.25,Medium
EMP06345,33,6,85.94,9,46,55,92.1,6.21,8.61,7.63,9.2,9.87,96.9,10.85,Medium
EMP06346,41,13,84.68,7,70,69,90.43,5.24,7.82,9.92,7.0,8.71,56.62,7.35,Low
EMP06347,22,7,96.6,7,41,19,70.31,7.83,7.01,8.99,7.78,9.31,72.01,9.2,Medium
EMP06348,42,5,93.59,1,29,36,66.01,9.21,8.38,7.34,8.92,6.86,58.93,4.14,Medium
EMP06349,22,24,84.72,8,71,41,82.17,6.24,8.44,7.92,7.48,8.53,53.49,10.82,Low
EMP06350,31,7,87.54,3,68,61,98.17,8.84,9.05,5.22,9.97,7.32,80.07,7.17,Medium
EMP06351,53,2,90.13,0,68,49,95.13,7.07,9.06,9.82,8.71,7.99,55.19,4.89,Medium
EMP06352,43,17,90.56,0,38,33,64.27,6.68,5.35,6.81,8.42,7.19,86.01,8.21,Medium
EMP06353,39,13,97.77,4,43,53,62.28,5.86,6.87,8.31,9.01,5.66,77.68,5.48,Low
EMP06354,53,25,87.61,6,46,21,94.95,9.67,7.1,8.33,8.89,9.74,61.63,4.05,Medium
EMP06355,48,21,98.17,4,55,53,84.52,6.13,9.23,5.28,6.1,8.53,89.72,9.43,Medium
EMP06356,49,28,88.83,2,62,48,72.17,6.4,7.51,6.33,6.05,8.0,84.98,2.19,Medium
EMP06357,39,27,94.93,6,36,48,82.47,6.66,7.44,8.28,8.03,7.8,81.31,8.3,Medium
EMP06358,50,21,98.61,0,75,41,68.87,6.42,7.77,9.56,7.18,8.61,60.69,6.78,Low
EMP06359,39,28,98.15,0,29,58,97.88,5.81,5.64,8.89,9.36,7.66,85.33,6.65,Medium
EMP06360,29,16,81.14,1,73,19,93.09,6.77,7.83,7.9,6.45,6.08,77.03,4.77,Low
EMP06361,52,26,84.11,0,36,18,98.49,7.36,7.76,6.16,6.65,5.04,76.71,4.03,Low
EMP06362,55,20,89.54,8,63,21,67.48,7.76,8.77,9.74,5.83,6.92,55.98,8.59,Low
EMP06363,28,2,88.63,3,29,62,93.75,5.78,8.17,7.02,9.91,7.82,56.76,9.92,Medium
EMP06364,57,5,92.82,6,29,17,82.41,8.9,9.78,5.75,5.58,6.86,51.62,5.25,Low
EMP06365,39,18,98.89,4,57,35,73.0,6.56,5.4,5.11,9.91,7.67,62.27,2.59,Medium
EMP06366,59,28,82.25,6,36,48,79.19,9.59,8.86,9.75,8.53,8.32,74.67,1.24,Medium
EMP06367,30,7,89.04,6,45,63,97.78,6.65,8.76,8.89,5.45,9.05,67.95,7.38,Low
EMP06368,30,11,83.85,0,45,23,87.66,9.31,6.35,6.08,5.76,6.49,85.64,3.75,Medium
EMP06369,29,25,97.88,0,70,34,74.4,6.76,8.49,5.71,6.63,8.17,70.38,5.54,Low
EMP06370,56,25,99.29,2,53,54,100.0,7.53,8.3,9.8,6.3,9.46,54.66,7.13,Medium
EMP06371,39,11,89.57,9,23,26,73.83,6.86,6.49,6.2,9.87,5.76,86.23,8.96,Medium
EMP06372,26,22,82.08,1,69,53,92.55,6.94,8.62,7.31,8.07,8.45,59.21,5.66,Medium
EMP06373,35,17,95.71,6,46,60,91.38,8.09,9.65,8.05,5.37,9.57,65.75,8.73,Medium
EMP06374,49,16,93.94,2,40,42,88.92,8.46,6.53,5.31,7.63,8.36,75.03,11.05,Medium
EMP06375,51,13,87.09,6,55,62,86.78,9.35,9.9,6.72,9.49,5.46,77.71,4.05,Medium
EMP06376,25,22,97.75,8,57,47,64.35,7.85,6.12,9.72,7.08,6.42,64.75,8.67,Low
EMP06377,41,5,99.52,0,65,24,99.8,6.08,5.67,8.5,8.33,5.95,73.04,4.34,Medium
EMP06378,46,20,91.16,2,50,25,66.44,9.95,5.39,6.84,8.87,9.56,53.34,1.75,Medium
EMP06379,49,16,91.31,5,26,21,83.85,8.42,6.07,8.96,5.93,9.96,58.0,1.91,Medium
EMP06380,33,28,85.95,8,63,32,69.97,6.87,6.71,9.19,9.28,7.16,79.95,8.73,Medium
EMP06381,23,22,91.69,4,53,33,66.75,9.84,8.67,5.76,7.24,9.48,50.23,2.64,Low
EMP06382,35,22,88.79,2,37,28,82.38,9.79,5.36,7.93,5.28,5.68,59.2,11.96,Low
EMP06383,43,16,86.04,7,43,31,93.45,5.4,7.54,6.83,9.39,5.02,81.42,6.98,Medium
EMP06384,52,16,81.34,4,32,37,75.08,5.1,7.59,7.53,7.82,7.84,61.61,4.44,Low
EMP06385,44,14,85.05,5,32,33,63.09,5.22,6.14,7.35,5.99,9.94,90.9,7.66,Medium
EMP06386,41,6,83.96,1,44,68,84.95,8.43,5.23,7.52,6.59,7.81,69.63,1.99,Medium
EMP06387,59,2,90.84,3,24,74,90.66,8.55,6.13,7.61,7.85,9.9,85.71,1.58,Medium
EMP06388,25,14,92.03,0,58,59,71.84,8.62,6.15,5.35,6.87,7.25,94.25,6.91,Medium
EMP06389,36,16,92.17,3,48,69,87.62,8.15,8.44,5.89,6.17,6.91,72.41,2.97,Medium
EMP06390,45,23,87.76,0,63,17,63.03,6.43,6.17,7.83,7.4,9.65,83.75,1.8,Medium
EMP06391,46,20,88.42,3,76,48,74.46,5.84,6.7,9.68,5.93,5.24,92.17,7.91,Low
EMP06392,22,13,96.68,1,65,39,78.97,9.64,5.24,8.73,6.23,6.63,62.32,5.94,Low
EMP06393,28,15,89.52,5,52,55,91.28,9.57,8.12,6.19,9.13,7.22,94.26,6.47,Medium
EMP06394,52,12,99.76,5,43,45,73.53,6.21,7.37,6.81,6.14,5.43,93.02,9.41,Low
EMP06395,33,9,88.79,7,29,53,78.15,5.84,6.72,6.68,8.48,7.59,53.02,8.57,Low
EMP06396,26,26,92.99,8,77,28,85.13,6.88,8.51,8.85,6.25,6.88,73.55,9.86,Low
EMP06397,59,18,81.01,7,44,51,84.96,5.24,8.41,9.86,6.06,7.18,55.56,1.97,Low
EMP06398,33,21,93.07,0,60,66,80.71,5.81,6.64,6.78,6.26,8.43,94.31,1.9,Medium
EMP06399,39,14,97.03,2,29,61,73.14,6.9,8.55,5.07,7.34,5.35,61.98,7.35,Low
EMP06400,23,20,98.85,5,58,34,86.8,6.19,6.74,9.68,5.73,9.81,68.55,11.15,Low
EMP06401,31,25,99.95,0,35,46,93.49,8.68,6.11,8.77,5.53,7.61,96.9,9.21,Medium
EMP06402,36,4,85.64,7,79,47,66.15,9.52,8.6,9.17,8.78,9.19,78.1,8.71,Medium
EMP06403,51,8,91.51,5,47,66,73.62,9.55,8.64,6.04,5.12,6.59,96.35,4.89,Medium
EMP06404,38,8,89.01,0,31,45,86.75,8.02,9.33,8.23,6.93,6.57,73.08,7.26,Medium
EMP06405,25,22,91.28,9,63,21,90.23,8.52,7.5,6.16,6.98,9.52,99.14,8.66,Medium
EMP06406,28,22,83.15,1,77,19,91.26,7.47,6.16,5.06,9.47,5.59,97.76,6.56,Medium
EMP06407,52,16,97.12,5,51,71,86.13,5.73,9.18,5.79,8.87,5.52,51.01,3.54,Low
EMP06408,55,27,98.19,9,70,18,79.13,8.18,5.87,9.61,7.55,8.49,70.31,8.47,Medium
EMP06409,27,24,88.99,7,48,25,85.83,6.75,9.69,6.08,7.4,7.33,97.5,6.67,Medium
EMP06410,59,28,85.61,4,64,33,65.4,5.03,6.53,7.93,7.83,8.59,90.71,3.75,Medium
EMP06411,55,29,82.82,0,72,52,68.31,7.87,5.09,9.84,6.79,7.16,60.6,6.81,Low
EMP06412,36,28,93.68,9,69,34,97.1,5.99,5.93,5.38,8.5,6.06,94.25,4.77,Medium
EMP06413,35,10,86.24,1,46,41,96.89,9.43,7.07,9.04,8.43,8.58,60.08,1.73,Medium
EMP06414,27,25,98.19,3,45,43,88.96,9.67,5.28,7.99,7.87,5.2,96.81,6.2,Medium
EMP06415,58,21,93.42,3,22,32,73.08,5.81,7.05,6.62,5.29,7.24,54.15,11.66,Low
EMP06416,53,27,92.91,6,45,51,85.95,5.15,6.01,6.82,5.63,7.29,97.32,3.74,Medium
EMP06417,24,17,91.19,1,58,66,87.51,5.02,5.09,5.14,5.2,5.39,54.12,5.85,Low
EMP06418,24,1,80.92,6,20,61,80.6,9.57,6.5,6.28,8.59,6.21,61.39,10.04,Low
EMP06419,43,18,98.64,6,54,67,89.94,5.76,6.13,7.12,7.39,6.3,78.31,11.45,Medium
EMP06420,43,10,92.56,6,72,74,61.19,7.18,7.1,8.58,9.77,9.46,59.4,1.61,Medium
EMP06421,31,26,99.88,2,46,39,70.25,5.29,8.8,6.37,9.76,7.56,69.46,9.25,Medium
EMP06422,24,21,90.75,5,65,34,91.78,6.87,7.55,7.9,8.99,8.35,58.45,4.54,Medium
EMP06423,33,4,94.2,5,23,20,97.55,8.93,8.84,8.66,7.22,5.27,77.89,2.18,Medium
EMP06424,50,1,81.12,3,38,50,95.04,7.03,6.68,8.49,6.58,5.52,80.55,9.31,Low
EMP06425,38,4,92.63,0,41,63,88.66,8.88,5.07,7.95,6.0,7.82,61.02,6.18,Low
EMP06426,28,4,95.29,8,79,29,66.62,8.44,9.61,7.9,6.16,9.18,64.58,3.28,Low
EMP06427,34,26,95.57,1,25,32,74.75,7.59,6.57,8.61,9.95,5.26,86.91,8.89,Medium
EMP06428,23,4,95.4,8,71,52,62.01,8.69,7.63,6.68,7.65,9.92,54.33,3.43,Medium
EMP06429,25,17,84.53,7,28,70,85.59,9.4,7.35,7.25,5.06,9.43,72.65,7.92,Medium
EMP06430,31,9,99.51,0,30,39,77.99,8.97,7.92,9.83,5.22,9.37,64.5,4.68,Medium
EMP06431,45,19,99.9,6,41,34,82.92,8.46,9.42,8.34,7.29,5.04,70.62,3.5,Low
EMP06432,38,13,81.51,9,66,36,99.17,8.51,9.34,7.6,7.22,7.03,91.77,1.44,Medium
EMP06433,27,4,98.73,2,28,65,76.09,5.81,9.91,7.89,7.03,8.98,98.95,2.72,Medium
EMP06434,40,5,85.79,9,48,26,72.27,9.75,7.64,5.52,9.12,8.79,59.02,11.28,Medium
EMP06435,26,29,93.79,9,62,55,66.02,6.03,9.61,7.96,8.52,6.73,53.06,5.96,Low
EMP06436,53,13,86.76,8,77,54,65.74,6.74,7.41,9.18,5.54,9.39,59.85,10.3,Low
EMP06437,31,23,99.36,4,29,74,80.74,7.59,5.22,7.62,6.81,8.18,93.63,9.37,Medium
EMP06438,30,16,82.03,2,53,61,89.97,5.63,5.73,5.88,7.98,9.97,93.97,8.61,Medium
EMP06439,48,22,89.95,7,50,47,82.58,7.97,6.67,7.24,6.91,6.67,64.34,9.11,Low
EMP06440,34,5,88.56,2,41,43,94.93,5.91,8.63,6.39,6.04,8.22,66.49,2.84,Low
EMP06441,40,8,86.52,6,65,16,72.63,9.62,5.41,6.8,8.14,7.12,83.2,3.71,Medium
EMP06442,42,16,92.91,6,23,40,83.8,9.44,6.81,6.13,8.01,8.24,67.09,9.56,Medium
EMP06443,45,1,82.62,6,21,71,86.45,7.72,9.91,6.67,9.87,6.3,95.2,8.35,Medium
EMP06444,59,23,94.33,0,24,46,71.23,7.25,8.93,9.11,7.81,6.91,90.05,9.93,Medium
EMP06445,25,28,99.61,4,65,72,75.85,5.51,7.86,8.79,9.37,9.66,67.89,8.54,Medium
EMP06446,45,6,96.09,0,34,17,83.64,9.12,5.31,7.45,9.75,6.45,98.61,9.64,Medium
EMP06447,56,11,97.2,6,38,44,60.84,6.9,5.07,8.91,7.17,8.1,87.25,7.41,Medium
EMP06448,24,16,87.19,7,57,33,95.46,6.23,5.53,9.88,5.26,9.59,87.86,9.99,Medium
EMP06449,25,5,86.5,6,78,24,64.44,9.98,6.64,7.03,5.72,7.41,98.02,4.56,Medium
EMP06450,58,16,90.34,0,34,39,61.9,8.34,8.03,9.9,7.52,8.48,71.53,1.75,Medium
EMP06451,56,7,80.91,2,65,60,68.6,5.37,5.99,6.23,9.46,8.74,52.07,3.21,Low
EMP06452,52,19,98.91,9,27,33,80.09,9.01,5.26,9.77,8.27,7.72,99.55,2.67,Medium
EMP06453,46,1,82.88,2,39,72,73.15,8.75,5.45,9.32,6.01,6.89,96.76,6.2,Medium
EMP06454,34,9,98.06,6,31,74,77.61,7.01,7.13,6.0,8.51,9.04,98.31,10.95,Medium
EMP06455,25,18,81.67,3,23,57,63.37,5.62,8.87,6.75,9.47,7.77,73.69,4.42,Medium
EMP06456,35,13,96.45,2,72,35,69.32,7.49,9.11,8.54,5.15,5.58,58.23,6.69,Low
EMP06457,34,26,83.04,5,57,20,63.91,8.82,6.46,5.96,6.21,9.37,59.79,9.97,Low
EMP06458,48,15,80.76,9,62,65,69.19,5.38,8.32,7.95,5.77,6.49,73.66,10.58,Low
EMP06459,27,3,94.39,5,74,28,88.13,5.82,6.96,7.67,8.92,7.47,83.77,4.06,Medium
EMP06460,38,24,85.61,9,73,72,83.01,8.09,9.86,6.46,9.46,6.07,73.26,6.76,Medium
EMP06461,57,28,94.29,4,58,22,73.36,7.8,7.02,6.5,7.77,7.46,69.73,3.82,Medium
EMP06462,56,10,91.1,5,76,16,70.45,9.53,6.98,7.58,9.24,5.65,98.17,5.61,Medium
EMP06463,38,9,82.18,2,55,68,99.9,9.07,7.51,6.5,8.28,7.83,82.39,5.32,Medium
EMP06464,23,13,98.64,9,77,32,90.71,9.59,5.13,5.9,8.28,7.61,70.37,1.7,Medium
EMP06465,34,16,89.05,4,34,71,92.88,7.33,7.09,8.87,7.9,9.09,84.49,1.3,Medium
EMP06466,23,3,94.69,8,20,36,61.05,8.94,9.14,7.91,5.25,7.8,89.59,7.8,Medium
EMP06467,49,22,90.02,3,50,71,62.38,5.24,8.06,7.19,9.68,7.04,68.37,2.89,Low
EMP06468,47,23,92.09,1,28,44,88.5,6.47,9.85,5.91,6.78,7.33,73.75,2.63,Medium
EMP06469,43,15,86.06,4,42,50,67.67,8.22,6.63,7.97,9.01,8.02,82.09,4.94,Medium
EMP06470,24,17,84.01,2,71,42,77.03,8.82,5.81,8.14,9.05,9.2,81.88,3.55,Medium
EMP06471,56,14,90.85,2,45,49,67.37,7.85,8.75,7.4,9.83,5.21,58.77,9.2,Low
EMP06472,33,7,88.8,3,59,16,67.08,7.4,5.22,6.86,6.63,9.63,74.85,8.14,Medium
EMP06473,45,20,87.8,3,63,70,64.36,6.17,5.8,9.34,9.99,5.42,62.96,11.59,Low
EMP06474,26,16,93.45,4,58,50,83.77,5.87,7.53,8.52,6.5,6.72,95.68,5.42,Medium
EMP06475,41,21,93.81,6,79,32,89.57,9.38,8.77,6.78,7.26,6.68,74.82,1.29,Medium
EMP06476,34,8,80.92,3,37,57,62.27,5.71,8.0,7.97,8.53,7.66,88.33,10.32,Medium
EMP06477,33,4,86.77,6,52,23,71.02,7.18,9.97,6.17,5.77,6.77,52.21,2.35,Low
EMP06478,34,20,88.24,8,60,42,86.33,9.44,8.27,5.06,6.33,6.1,69.08,3.96,Low
EMP06479,31,24,81.94,2,58,22,75.69,5.74,8.62,9.34,8.64,6.22,57.94,7.93,Low
EMP06480,54,15,84.72,4,33,67,88.19,5.64,9.97,9.09,9.87,9.93,69.65,6.08,Medium
EMP06481,37,5,81.03,3,77,22,90.37,8.46,7.96,8.2,8.66,9.18,89.75,8.61,Medium
EMP06482,56,13,99.92,8,20,19,61.29,6.66,8.57,9.06,9.31,9.03,96.35,3.13,Medium
EMP06483,24,6,94.73,4,32,27,75.23,7.18,6.49,8.9,5.19,7.1,95.81,7.44,Medium
EMP06484,26,28,81.75,9,71,21,89.17,8.13,7.68,9.3,7.89,9.68,55.94,5.99,Medium
EMP06485,47,27,80.4,1,34,35,75.14,6.89,9.56,9.46,9.57,5.31,65.08,7.46,Low
EMP06486,32,5,94.39,9,56,43,60.23,9.0,9.27,9.09,8.41,5.63,83.02,10.7,Medium
EMP06487,28,17,88.78,0,24,51,73.45,9.84,6.53,9.26,8.38,6.23,60.18,6.87,Low
EMP06488,31,7,95.74,6,33,59,94.91,9.67,6.79,7.51,6.02,8.21,52.57,9.15,Low
EMP06489,55,6,98.47,0,33,66,98.08,7.73,9.23,8.54,9.31,5.83,97.68,9.18,Medium
EMP06490,24,2,91.99,7,65,62,82.42,6.77,6.42,6.67,9.33,6.68,66.47,8.28,Medium
EMP06491,29,11,83.74,8,24,28,72.25,7.17,9.44,9.31,8.07,5.89,71.0,6.32,Low
EMP06492,52,7,95.64,6,30,51,78.64,6.65,8.87,9.29,7.13,9.0,63.62,1.04,Medium
EMP06493,32,22,99.12,8,51,69,69.45,7.21,5.76,5.33,9.12,9.55,66.26,2.33,Medium
EMP06494,28,21,91.6,9,70,65,66.73,5.06,8.6,6.74,7.32,9.25,98.2,6.97,Medium
EMP06495,23,8,93.64,5,24,18,79.74,5.28,9.17,5.86,9.11,5.14,59.59,1.48,Low
EMP06496,27,5,86.75,6,55,70,89.47,8.86,5.72,5.68,7.42,6.59,74.75,1.5,Medium
EMP06497,53,27,87.63,2,34,36,68.9,6.67,7.29,7.07,7.9,8.19,81.91,2.39,Medium
EMP06498,41,18,94.69,8,72,70,96.38,8.97,9.31,8.13,8.74,5.0,61.22,3.56,Medium
EMP06499,55,22,98.56,2,26,25,66.73,7.4,5.99,6.72,6.32,8.73,85.78,12.0,Medium
EMP06500,37,16,92.58,5,24,48,82.34,9.03,7.25,6.55,6.23,9.34,84.12,2.32,Medium
EMP06501,46,14,95.8,3,49,59,91.06,8.32,8.06,5.47,8.34,5.39,97.74,3.98,Medium
EMP06502,33,12,83.43,8,34,30,68.54,6.01,5.49,6.91,9.77,7.16,73.02,8.51,Medium
EMP06503,28,17,84.24,0,49,23,71.86,7.24,6.06,7.35,7.23,6.51,69.23,8.44,Low
EMP06504,38,5,90.64,8,33,30,62.06,8.52,7.33,6.99,9.49,9.73,68.05,10.62,Medium
EMP06505,32,14,83.53,3,43,53,97.76,6.65,6.87,8.4,7.59,6.62,68.22,7.72,Low
EMP06506,27,6,92.7,9,43,30,79.48,5.97,6.62,6.44,9.87,7.9,51.88,3.92,Medium
EMP06507,44,15,85.83,4,54,45,62.57,7.7,5.13,8.58,8.96,5.05,61.81,3.63,Low
EMP06508,48,7,95.83,0,24,45,93.21,6.37,9.64,9.41,9.3,9.18,56.0,10.13,Medium
EMP06509,27,14,96.16,0,31,27,82.77,7.97,9.36,7.96,8.4,5.15,94.03,2.08,Medium
EMP06510,59,18,89.28,5,39,19,62.21,6.36,6.96,6.94,9.34,7.85,52.81,6.29,Low
EMP06511,23,1,83.62,9,65,73,78.04,9.53,5.91,5.9,7.96,8.7,68.26,6.31,Medium
EMP06512,43,6,92.94,0,24,61,77.38,6.72,5.35,9.66,7.84,6.98,60.97,9.13,Low
EMP06513,41,3,99.86,1,75,53,65.84,9.54,5.62,8.76,9.37,5.16,82.28,11.95,Medium
EMP06514,46,5,92.45,2,55,32,76.81,6.4,8.01,6.23,5.08,9.5,66.32,6.46,Low
EMP06515,36,12,80.72,6,40,73,71.31,8.02,8.67,5.75,7.39,6.83,50.83,9.53,Low
EMP06516,50,11,80.35,1,67,34,88.0,5.65,5.78,5.25,9.35,7.33,94.69,10.37,Medium
EMP06517,29,13,86.41,4,58,69,60.22,8.89,5.56,5.95,5.98,9.07,81.82,1.37,Medium
EMP06518,58,16,83.92,8,22,16,64.26,6.0,8.46,8.66,9.79,8.3,50.07,7.99,Low
EMP06519,54,18,96.26,9,48,54,96.75,9.32,7.59,8.15,8.7,6.63,83.98,10.73,Medium
EMP06520,43,17,96.9,7,73,44,77.33,7.26,6.86,9.84,8.81,7.7,60.82,8.92,Medium
EMP06521,26,17,85.17,7,44,24,67.05,5.47,8.62,6.61,8.33,5.47,98.18,9.51,Medium
EMP06522,39,29,86.51,1,46,56,91.73,6.82,7.28,8.93,7.24,7.41,72.24,9.92,Medium
EMP06523,59,11,84.72,0,55,25,94.06,8.9,7.33,5.6,7.3,7.14,61.16,1.21,Medium
EMP06524,58,20,98.17,8,71,67,68.45,5.38,5.08,7.81,9.2,8.8,51.51,11.22,Low
EMP06525,51,10,90.05,9,41,43,88.54,8.13,6.58,7.33,5.7,9.0,52.94,10.97,Low
EMP06526,52,29,93.12,3,57,67,84.61,7.54,5.03,9.19,7.61,9.36,52.82,7.61,Medium
EMP06527,31,16,88.31,8,54,54,89.8,6.55,9.62,8.51,6.55,9.29,51.57,4.84,Low
EMP06528,36,2,92.62,6,20,30,91.52,8.78,6.47,5.97,9.92,9.99,77.42,5.06,Medium
EMP06529,39,17,87.72,5,22,62,86.44,5.26,5.9,9.92,5.02,8.54,92.33,6.89,Medium
EMP06530,44,22,86.79,9,43,42,98.25,7.49,5.45,9.12,5.32,8.1,67.3,4.21,Low
EMP06531,54,20,92.69,8,27,31,94.57,7.53,5.23,6.77,9.84,5.74,67.44,7.23,Medium
EMP06532,37,10,91.82,9,67,52,69.16,5.43,9.43,9.13,7.72,7.34,55.2,7.8,Low
EMP06533,59,13,85.87,3,73,64,96.54,5.68,5.84,9.78,5.69,7.15,50.06,9.01,Low
EMP06534,56,12,82.99,0,58,63,74.38,7.05,8.09,9.45,7.24,8.67,97.59,1.72,Medium
EMP06535,55,15,87.37,4,37,58,89.06,7.68,8.26,7.78,6.61,6.37,72.88,1.73,Medium
EMP06536,49,7,88.3,5,60,29,93.92,5.27,6.59,7.89,9.56,9.35,86.87,11.15,Medium
EMP06537,23,27,92.57,5,22,45,77.45,5.06,9.17,5.53,8.44,6.1,93.41,9.19,Medium
EMP06538,51,22,98.29,0,37,21,62.06,5.96,6.07,5.82,5.65,7.42,55.6,4.76,Low
EMP06539,34,21,80.72,6,35,74,97.99,7.44,5.36,9.91,7.68,9.72,63.13,1.27,Medium
EMP06540,37,26,84.87,7,51,60,62.9,5.2,5.34,8.85,5.67,6.72,75.1,7.7,Low
EMP06541,26,28,83.87,4,72,44,73.92,8.67,6.5,5.13,8.33,8.64,64.87,3.74,Medium
EMP06542,49,13,90.05,1,20,50,83.86,5.76,7.32,7.74,8.64,6.68,52.66,1.64,Low
EMP06543,41,12,88.59,1,72,63,64.7,8.86,8.15,6.73,7.81,7.57,94.64,9.31,Medium
EMP06544,45,12,94.58,4,45,40,93.53,6.02,8.64,6.56,9.83,8.88,62.49,11.74,Medium
EMP06545,48,28,84.85,6,71,25,68.14,6.73,5.89,7.78,9.72,9.07,53.64,9.22,Low
EMP06546,51,2,91.89,6,67,73,99.44,7.4,8.42,6.6,6.03,9.21,71.12,2.23,Medium
EMP06547,48,5,97.68,3,31,20,96.66,6.74,5.91,6.26,5.0,5.5,90.22,5.05,Medium
EMP06548,47,25,98.21,2,57,56,84.18,5.12,9.99,9.69,8.31,9.27,58.42,3.73,Medium
EMP06549,28,25,99.18,8,79,43,86.4,9.54,9.8,5.2,7.38,5.73,71.84,5.11,Medium
EMP06550,59,2,95.47,6,40,42,81.34,6.43,5.51,7.18,6.67,6.36,59.28,7.13,Low
EMP06551,26,23,98.12,1,60,29,75.64,5.68,8.28,7.56,9.58,9.86,90.91,7.98,Medium
EMP06552,44,26,84.69,0,72,43,74.07,5.66,9.52,7.2,9.89,5.72,76.14,4.39,Medium
EMP06553,49,20,83.95,1,32,20,95.67,9.87,5.4,8.29,9.65,6.26,78.92,8.42,Medium
EMP06554,55,13,80.13,2,75,62,83.06,5.62,5.62,5.13,7.5,6.68,87.38,8.53,Medium
EMP06555,36,29,94.14,4,31,26,92.93,6.73,6.73,9.42,8.52,9.03,96.99,11.92,Medium
EMP06556,53,3,98.75,2,32,65,80.56,5.34,5.48,7.5,5.86,6.6,55.29,6.29,Low
EMP06557,47,11,83.74,9,37,30,72.28,8.68,9.43,7.77,9.75,9.13,92.28,4.62,Medium
EMP06558,52,16,92.74,8,38,60,63.67,7.98,9.38,7.31,6.42,6.03,73.71,10.44,Low
EMP06559,40,1,94.93,9,38,52,72.95,7.67,9.74,7.22,5.96,8.01,82.03,2.85,Medium
EMP06560,30,19,98.55,3,70,72,95.2,9.28,6.02,5.93,5.3,9.8,92.64,5.92,Medium
EMP06561,50,11,92.94,6,25,23,88.48,7.87,5.23,7.52,7.75,5.21,66.33,7.89,Low
EMP06562,25,9,99.41,3,67,36,91.43,9.78,7.22,7.11,9.74,9.54,93.48,2.57,High
EMP06563,24,14,86.89,2,26,47,90.94,8.11,9.4,7.34,5.68,5.82,81.57,1.6,Medium
EMP06564,50,9,87.0,9,26,40,64.8,6.77,8.19,5.07,5.6,7.9,63.95,5.37,Low
EMP06565,32,7,90.86,0,47,68,66.35,5.18,9.99,5.65,6.36,5.24,95.99,4.85,Low
EMP06566,54,16,87.67,8,74,54,72.69,8.63,9.53,8.82,8.33,7.86,52.89,9.19,Low
EMP06567,59,3,80.03,0,47,21,72.04,6.87,6.96,7.1,7.74,8.08,79.53,6.86,Medium
EMP06568,32,29,94.64,0,38,60,62.64,8.0,5.2,8.71,5.48,9.04,50.84,1.25,Low
EMP06569,48,19,95.03,0,35,46,66.14,9.38,5.03,5.86,7.21,7.08,54.08,11.11,Low
EMP06570,54,4,94.94,4,36,54,94.25,5.04,8.22,8.49,5.33,9.58,55.01,10.47,Low
EMP06571,42,7,86.9,6,41,57,83.56,8.8,9.58,6.45,9.26,6.85,94.71,1.82,Medium
EMP06572,52,23,90.45,6,38,74,73.69,7.18,7.22,8.53,5.54,5.46,77.94,3.8,Low
EMP06573,59,28,87.2,9,67,38,81.06,5.62,9.37,5.43,7.36,6.93,63.0,7.86,Low
EMP06574,23,12,80.32,0,48,55,70.45,7.91,7.83,6.67,7.55,6.53,69.53,2.98,Low
EMP06575,48,18,91.25,5,67,65,83.35,7.66,5.49,5.6,7.65,7.23,91.9,11.71,Medium
EMP06576,57,28,82.48,8,38,53,62.99,9.21,8.99,8.15,8.05,6.0,78.51,5.63,Medium
EMP06577,32,5,81.6,5,66,52,96.11,7.61,7.46,6.96,8.51,6.85,51.58,8.75,Low
EMP06578,39,23,95.11,3,54,64,69.62,9.14,5.26,5.37,5.02,9.43,93.56,6.62,Medium
EMP06579,22,23,80.19,9,66,51,92.76,7.72,9.07,7.63,5.15,8.26,76.92,4.39,Medium
EMP06580,56,22,99.18,8,44,33,86.4,7.23,8.79,5.12,8.06,5.99,59.81,8.67,Low
EMP06581,56,26,90.31,2,79,57,80.92,6.86,7.29,9.09,5.91,5.26,85.76,6.23,Low
EMP06582,52,10,99.66,9,67,19,97.19,5.87,5.1,9.69,9.16,6.08,76.69,7.99,Medium
EMP06583,49,12,81.16,3,39,44,66.27,7.92,6.73,9.05,8.14,7.05,59.47,5.32,Low
EMP06584,22,8,91.67,3,56,73,64.77,7.72,7.17,9.76,9.9,6.84,82.5,11.97,Medium
EMP06585,46,19,86.99,3,38,39,72.87,9.88,5.83,9.49,8.64,9.24,82.07,3.27,Medium
EMP06586,59,15,96.87,5,61,44,93.21,7.06,5.8,9.47,5.45,7.93,97.74,3.01,Medium
EMP06587,41,1,87.22,6,32,70,61.41,7.11,5.83,6.23,5.85,9.21,63.21,1.1,Low
EMP06588,24,3,85.21,8,66,39,69.58,5.82,6.85,6.16,5.23,9.99,77.42,10.58,Low
EMP06589,23,27,97.15,2,31,23,76.99,7.99,9.09,9.05,8.71,6.45,66.05,2.73,Medium
EMP06590,39,18,87.49,7,68,41,88.52,9.24,8.8,7.46,5.63,7.39,64.91,3.71,Low
EMP06591,31,18,80.34,7,34,38,71.97,6.24,5.05,9.71,8.32,8.53,75.28,3.27,Medium
EMP06592,26,2,87.81,0,79,54,77.92,5.05,5.05,9.49,7.78,7.56,85.74,11.77,Medium
EMP06593,30,5,93.09,4,23,57,73.47,8.46,5.39,9.47,8.17,6.63,80.24,10.38,Medium
EMP06594,23,29,85.09,9,34,73,63.68,5.16,7.33,6.63,7.54,9.08,55.87,9.24,Low
EMP06595,55,1,88.64,4,36,68,89.55,7.05,9.44,5.66,5.07,9.46,96.12,5.27,Medium
EMP06596,59,10,81.13,7,46,52,78.46,8.06,5.91,8.39,6.27,6.39,85.44,1.07,Medium
EMP06597,52,20,91.76,7,30,29,92.5,6.93,7.38,7.2,9.42,6.41,78.97,11.65,Medium
EMP06598,31,10,95.13,1,74,52,87.79,6.3,5.2,9.67,9.65,7.84,57.21,3.24,Medium
EMP06599,33,5,88.27,2,42,40,62.31,9.0,5.1,9.27,5.49,9.08,56.74,1.72,Low
EMP06600,57,18,88.4,1,34,68,80.0,6.5,5.04,9.64,9.76,7.6,64.67,5.18,Medium
EMP06601,42,21,81.77,0,71,44,99.63,5.9,8.68,7.84,8.35,5.3,96.15,4.07,Medium
EMP06602,27,26,84.04,1,50,25,72.31,6.94,5.12,7.63,9.61,6.48,57.35,11.38,Low
EMP06603,24,15,83.09,9,72,43,79.72,5.66,6.37,9.24,7.01,7.51,82.73,1.3,Medium
EMP06604,31,20,89.63,5,45,29,86.08,8.45,8.23,7.56,5.51,8.68,82.24,11.77,Medium
EMP06605,26,8,90.59,0,26,58,68.09,8.55,8.09,9.5,6.51,8.87,54.6,7.45,Low
EMP06606,47,17,98.98,5,32,23,88.1,5.07,5.28,5.17,8.45,8.76,85.37,4.3,Medium
EMP06607,42,12,81.46,0,73,56,86.39,8.47,6.28,6.79,8.98,5.47,73.81,10.55,Medium
EMP06608,47,21,92.0,1,32,43,75.0,6.49,8.2,9.17,5.25,8.08,75.04,5.59,Low
EMP06609,59,27,90.53,7,71,29,71.38,8.28,6.96,6.05,7.43,7.13,50.27,6.86,Low
EMP06610,47,12,90.32,5,39,31,96.76,8.53,7.33,6.99,5.32,6.57,94.84,2.57,Medium
EMP06611,29,26,97.46,8,53,30,65.08,6.39,6.04,5.05,9.32,9.14,80.52,10.68,Medium
EMP06612,26,1,84.11,0,29,72,77.28,5.93,5.19,6.51,7.38,6.79,80.23,10.66,Low
EMP06613,36,26,80.82,4,69,36,90.68,9.13,6.73,6.59,9.57,5.91,69.46,9.27,Medium
EMP06614,37,26,93.45,6,79,54,65.93,8.7,8.41,8.66,5.39,8.48,85.09,8.99,Medium
EMP06615,22,4,86.9,8,71,63,97.32,9.19,8.83,8.39,6.65,5.68,91.65,3.2,Medium
EMP06616,37,8,80.35,8,56,57,81.05,7.18,7.96,7.22,8.38,6.47,74.75,5.87,Medium
EMP06617,58,1,85.03,3,71,25,80.19,7.28,6.97,8.64,6.47,7.22,77.25,2.01,Medium
EMP06618,24,27,86.19,3,70,52,76.97,6.72,7.92,7.14,9.21,5.71,60.42,7.51,Low
EMP06619,52,15,92.34,3,46,39,94.7,7.5,8.52,7.17,9.93,6.44,67.66,3.32,Medium
EMP06620,34,18,83.45,2,53,68,97.94,8.23,8.78,8.23,6.41,8.21,73.41,4.28,Medium
EMP06621,37,1,88.26,7,55,44,75.2,9.07,5.47,8.61,6.81,7.79,83.06,9.97,Medium
EMP06622,42,11,89.65,4,35,16,81.7,5.92,9.01,9.23,9.84,9.22,96.59,11.84,Medium
EMP06623,23,23,89.18,6,78,15,72.62,7.03,5.32,8.76,6.79,5.7,56.85,5.18,Low
EMP06624,48,2,99.48,9,40,66,74.72,7.31,9.35,8.35,7.78,9.32,76.45,9.74,Medium
EMP06625,59,1,80.91,5,35,52,61.13,7.44,6.96,7.81,8.85,5.38,80.55,2.45,Low
EMP06626,47,12,99.02,8,36,72,91.44,7.71,7.73,6.54,7.19,8.72,91.27,6.82,Medium
EMP06627,59,16,91.64,2,34,72,98.77,9.01,6.45,6.31,6.86,6.03,92.18,7.06,Medium
EMP06628,46,22,95.91,5,32,71,90.78,9.43,7.13,9.22,7.48,9.52,83.03,10.77,Medium
EMP06629,32,22,88.61,2,52,51,80.73,5.8,9.23,8.59,8.9,5.21,59.73,3.66,Low
EMP06630,29,10,89.08,1,73,69,93.1,8.56,6.48,8.33,6.56,7.9,88.99,1.71,Medium
EMP06631,29,18,97.59,2,24,68,94.32,7.4,7.82,6.29,6.75,5.06,78.93,4.85,Medium
EMP06632,54,15,97.92,1,46,68,81.78,7.09,8.24,9.85,5.95,8.68,98.07,9.21,Medium
EMP06633,28,17,84.77,1,71,23,97.49,5.57,5.73,5.41,8.51,5.17,97.66,1.51,Medium
EMP06634,59,10,83.98,9,20,19,61.21,5.32,8.89,9.19,9.5,8.64,77.58,2.61,Medium
EMP06635,42,3,89.92,6,63,64,60.4,9.89,10.0,6.05,5.93,9.04,97.17,1.5,Medium
EMP06636,29,26,98.01,9,49,38,63.26,8.21,5.78,6.96,5.17,9.48,51.29,6.46,Low
EMP06637,42,21,86.45,2,42,41,62.31,7.26,8.84,7.14,6.91,6.8,95.78,10.07,Medium
EMP06638,41,16,93.04,7,34,44,76.98,8.81,5.74,8.31,7.05,7.71,98.23,3.93,Medium
EMP06639,29,6,94.16,1,55,65,97.61,5.46,9.75,7.73,8.23,8.67,98.95,1.35,Medium
EMP06640,52,3,95.57,6,38,29,87.01,8.04,7.05,5.93,5.43,9.1,88.9,2.94,Medium
EMP06641,50,9,91.28,2,49,61,86.38,8.3,9.9,5.15,9.11,8.91,59.03,1.92,Medium
EMP06642,30,11,88.05,8,35,23,75.4,7.26,5.34,8.59,7.87,9.24,98.73,7.09,Medium
EMP06643,36,21,99.34,6,74,60,81.35,6.26,8.95,7.52,7.73,9.49,71.4,6.5,Medium
EMP06644,51,13,92.23,8,37,51,72.17,9.77,7.37,6.81,6.58,8.25,73.56,3.7,Medium
EMP06645,47,18,94.57,1,45,44,80.71,6.51,6.45,6.42,6.83,5.87,50.76,10.26,Low
EMP06646,31,26,86.9,5,36,63,89.87,5.62,8.74,9.12,5.28,9.17,67.17,5.52,Low
EMP06647,50,22,93.4,4,30,29,82.35,8.15,8.18,8.98,8.77,7.32,62.86,11.66,Medium
EMP06648,37,28,85.16,1,71,34,76.75,7.87,9.51,9.13,8.02,5.25,72.49,3.56,Low
EMP06649,57,24,84.9,3,64,71,93.8,8.77,6.24,6.1,9.88,8.13,63.46,7.85,Medium
EMP06650,41,27,94.29,3,75,63,71.5,8.77,9.7,9.26,6.77,8.64,72.36,9.75,Medium
EMP06651,58,22,90.43,7,48,70,79.26,8.1,8.21,9.93,8.33,7.29,57.38,3.08,Medium
EMP06652,43,4,93.67,6,73,70,99.13,6.04,7.25,8.0,9.6,7.53,97.6,9.73,Medium
EMP06653,28,22,85.39,4,28,39,98.69,9.44,5.27,5.24,8.56,7.75,83.21,10.73,Medium
EMP06654,44,24,91.97,8,68,23,60.25,6.24,8.83,8.51,5.2,6.26,99.42,8.34,Low
EMP06655,50,8,88.88,0,36,59,81.29,5.47,9.29,7.69,8.16,6.87,50.24,10.86,Low
EMP06656,37,13,91.94,3,46,36,73.48,6.51,9.05,8.56,7.73,9.03,91.79,5.32,Medium
EMP06657,59,10,85.82,4,56,27,71.65,7.42,8.68,5.94,7.5,5.15,54.21,5.42,Low
EMP06658,49,2,94.31,7,41,51,83.85,6.04,9.85,8.03,7.77,7.78,88.69,1.2,Medium
EMP06659,59,8,96.12,2,27,74,77.85,6.67,9.25,7.7,7.3,5.16,96.12,9.79,Medium
EMP06660,52,6,85.2,4,22,42,89.31,7.57,9.64,8.01,8.46,6.01,57.03,1.36,Low
EMP06661,35,16,86.01,2,57,28,61.09,6.61,8.65,8.64,5.07,6.86,97.81,3.9,Low
EMP06662,54,18,93.22,6,54,44,97.08,5.45,9.1,7.72,5.94,5.93,71.81,7.82,Low
EMP06663,30,17,93.91,9,51,53,82.7,5.99,6.45,6.61,6.83,9.24,67.21,7.68,Medium
EMP06664,48,6,94.08,2,27,71,87.36,8.97,8.34,6.55,7.26,9.35,89.79,6.29,Medium
EMP06665,45,13,93.65,6,63,19,84.18,9.77,6.03,8.48,5.65,5.77,92.65,7.79,Medium
EMP06666,34,23,87.86,1,78,26,99.57,5.74,5.35,8.32,9.1,9.46,91.83,4.54,Medium
EMP06667,47,14,87.9,6,46,49,99.45,8.41,7.9,7.11,9.65,6.15,81.2,3.24,Medium
EMP06668,50,26,85.1,8,51,55,84.4,9.53,8.91,6.77,8.76,5.06,64.81,4.22,Medium
EMP06669,49,21,83.14,4,55,56,87.36,6.5,5.41,8.1,9.64,8.68,63.83,3.72,Medium
EMP06670,49,10,93.85,5,53,15,84.74,9.15,5.91,6.56,8.72,7.59,61.43,5.72,Medium
EMP06671,29,24,81.86,9,79,60,72.43,9.52,5.46,9.82,7.21,7.49,57.32,9.34,Low
EMP06672,44,11,98.76,2,44,15,67.7,6.5,8.17,7.98,6.97,5.01,69.63,4.58,Low
EMP06673,50,13,96.53,9,50,56,76.11,5.28,5.4,7.96,5.83,9.89,92.8,4.91,Medium
EMP06674,26,12,97.15,4,61,57,87.31,9.58,5.47,5.68,5.43,9.16,99.81,8.67,Medium
EMP06675,28,9,98.13,4,66,74,62.24,6.65,6.32,8.05,6.1,9.84,84.68,11.05,Medium
EMP06676,57,4,88.17,2,32,34,80.57,5.07,6.35,6.47,7.66,6.22,57.81,3.86,Low
EMP06677,48,7,96.93,7,75,48,76.34,7.37,7.79,7.26,5.67,8.02,83.68,9.09,Medium
EMP06678,23,24,83.16,5,34,69,81.1,5.58,5.16,7.69,9.76,8.73,63.77,7.86,Medium
EMP06679,46,29,80.43,2,73,48,94.41,9.51,8.08,7.39,6.09,9.02,85.88,6.73,Medium
EMP06680,30,22,95.7,0,70,69,61.9,5.77,7.06,9.05,9.17,8.91,61.81,1.21,Medium
EMP06681,48,2,81.5,9,69,38,90.54,6.52,5.89,5.5,9.09,7.86,58.2,5.19,Medium
EMP06682,22,7,99.77,0,32,42,86.68,8.95,8.27,5.84,5.71,5.16,81.72,3.26,Medium
EMP06683,44,29,93.5,9,71,25,68.15,9.03,6.65,5.78,8.55,9.97,84.26,2.54,Medium
EMP06684,31,9,95.07,1,71,22,89.37,9.51,9.14,9.08,9.12,5.57,59.24,4.03,Medium
EMP06685,46,5,84.92,9,52,49,79.85,7.49,9.95,5.59,9.42,5.9,75.6,8.18,Medium
EMP06686,24,15,93.48,4,50,55,79.24,9.93,8.9,9.86,9.77,9.12,94.03,6.92,High
EMP06687,27,18,80.86,6,44,72,79.32,7.58,8.71,9.85,9.65,5.5,84.24,5.81,Medium
EMP06688,27,4,96.76,0,67,30,97.97,8.95,6.78,9.96,6.56,6.07,83.79,2.6,Medium
EMP06689,23,19,83.39,0,77,72,97.77,6.81,7.67,9.9,6.34,5.1,86.18,9.56,Low
EMP06690,39,20,93.95,3,59,30,96.54,9.71,5.26,5.75,6.99,5.78,67.5,6.29,Medium
EMP06691,44,26,84.49,9,42,56,95.47,8.43,8.64,8.29,7.33,8.29,60.3,8.1,Medium
EMP06692,23,7,81.37,5,57,20,61.5,5.39,8.38,7.0,6.17,6.8,86.68,1.4,Low
EMP06693,33,26,89.63,8,22,34,76.02,5.54,6.35,8.66,5.43,5.68,90.6,10.82,Low
EMP06694,43,8,83.39,0,71,70,95.8,9.45,7.67,7.03,8.28,6.32,94.79,6.7,Medium
EMP06695,58,17,94.59,9,35,66,90.21,9.05,8.4,6.92,5.87,8.77,89.76,4.84,Medium
EMP06696,41,13,84.75,4,21,66,78.27,6.65,6.84,9.52,9.57,7.78,67.3,10.1,Medium
EMP06697,45,24,86.85,8,42,25,90.93,7.61,8.63,7.47,6.44,7.38,73.35,9.93,Low
EMP06698,41,21,91.35,7,53,22,68.33,9.26,8.98,8.7,5.99,5.23,89.0,3.42,Low
EMP06699,22,28,85.7,6,49,34,83.99,5.52,6.12,8.25,5.97,7.56,76.88,5.08,Low
EMP06700,22,23,87.56,9,66,46,81.32,5.69,6.51,8.29,6.45,7.41,77.86,7.66,Low
EMP06701,38,11,96.31,1,29,47,82.94,8.58,7.01,6.75,8.06,7.21,97.13,11.98,Medium
EMP06702,22,27,83.58,8,20,20,88.87,5.41,6.18,6.26,9.89,7.44,97.88,9.65,Medium
EMP06703,51,1,81.64,7,41,42,97.99,6.76,8.88,9.43,7.43,5.37,88.06,1.55,Medium
EMP06704,24,2,86.57,9,71,22,70.56,6.26,7.86,5.12,8.0,9.67,90.48,9.1,Medium
EMP06705,32,17,88.49,9,66,28,90.32,8.8,6.9,5.86,9.21,6.53,63.22,6.4,Medium
EMP06706,45,5,90.85,8,75,17,85.81,5.01,5.08,5.66,6.67,8.26,79.69,1.2,Medium
EMP06707,43,6,87.45,8,52,16,87.81,5.58,6.63,9.75,5.9,6.79,73.9,5.98,Low
EMP06708,47,26,95.8,8,44,36,77.16,5.5,9.18,5.03,7.17,6.64,52.05,4.6,Low
EMP06709,34,25,80.79,2,41,47,97.78,6.59,8.72,5.04,6.59,8.62,94.18,2.15,Medium
EMP06710,22,24,88.64,6,35,57,79.19,6.16,5.34,6.13,9.33,7.09,64.79,6.87,Medium
EMP06711,45,7,87.65,0,49,35,64.86,6.14,9.01,6.4,9.89,8.08,96.59,11.36,Medium
EMP06712,31,28,92.95,8,37,20,87.23,6.85,5.9,7.8,8.44,6.37,81.82,10.62,Medium
EMP06713,56,21,99.33,8,43,54,65.15,6.07,9.94,9.81,8.27,6.33,90.65,7.17,Medium
EMP06714,45,15,90.21,2,24,21,72.91,5.53,9.34,7.33,8.57,6.0,72.94,3.27,Low
EMP06715,49,19,99.74,4,72,20,69.12,7.92,9.57,6.44,7.34,6.5,59.37,2.26,Low
EMP06716,57,16,86.04,7,56,64,81.56,9.76,8.85,9.09,8.14,5.32,93.74,8.52,Medium
EMP06717,37,25,80.62,5,74,58,73.9,8.04,8.55,6.93,5.36,5.39,89.13,5.31,Low
EMP06718,37,13,83.31,9,42,22,66.39,8.79,6.22,5.71,7.47,9.26,87.73,6.74,Medium
EMP06719,38,5,87.9,9,61,38,91.63,9.86,7.93,8.97,6.66,6.4,60.64,9.55,Low
EMP06720,36,3,86.33,8,46,41,78.74,5.77,8.48,5.01,5.27,7.69,76.08,7.63,Low
EMP06721,37,3,81.94,2,74,67,78.18,7.3,6.44,6.03,7.72,7.48,66.13,1.84,Low
EMP06722,36,19,88.65,6,31,65,95.45,7.91,6.99,8.18,6.8,8.17,80.64,11.85,Medium
EMP06723,55,14,86.76,5,29,42,81.55,6.61,9.74,5.51,7.95,8.24,76.62,2.58,Medium
EMP06724,32,16,82.45,4,53,73,88.4,8.07,7.04,6.28,7.57,6.83,58.87,11.78,Low
EMP06725,22,22,85.92,3,75,70,73.12,8.12,6.58,6.97,6.38,5.67,81.19,6.58,Low
EMP06726,36,17,97.73,4,52,19,82.45,9.21,5.54,6.98,7.7,5.89,51.91,10.23,Low
EMP06727,47,27,86.04,3,35,33,89.06,9.16,6.71,9.86,6.89,6.8,53.54,2.36,Low
EMP06728,25,4,94.28,2,48,23,71.86,5.71,8.06,8.38,9.61,7.8,59.14,10.47,Low
EMP06729,26,13,92.24,6,37,39,87.54,5.84,5.74,5.19,6.88,8.07,78.94,2.42,Medium
EMP06730,56,8,88.54,5,46,58,82.75,6.11,8.03,6.11,5.2,9.66,87.97,10.79,Medium
EMP06731,34,19,84.78,3,26,61,77.37,6.31,8.71,8.08,8.82,6.53,89.12,5.87,Medium
EMP06732,31,5,87.38,8,55,69,88.52,7.82,8.84,8.57,9.82,5.55,63.83,10.48,Medium
EMP06733,32,2,91.84,0,46,59,72.68,6.64,9.92,6.9,5.85,7.69,69.21,4.03,Low
EMP06734,39,15,87.02,0,29,70,88.58,9.76,7.17,9.28,9.86,5.33,61.69,8.79,Medium
EMP06735,55,2,84.3,8,29,27,82.04,5.59,5.16,9.72,8.09,5.83,51.82,9.51,Low
EMP06736,44,11,82.33,6,76,67,69.82,6.23,9.27,8.07,9.24,7.77,74.75,6.5,Medium
EMP06737,28,13,97.6,1,30,67,86.73,9.34,5.42,7.81,7.36,9.62,77.25,10.51,Medium
EMP06738,24,23,88.81,9,76,51,95.39,7.92,9.31,8.75,8.11,5.98,96.75,8.51,Medium
EMP06739,33,10,92.5,4,49,16,72.4,7.74,9.91,8.91,9.21,6.81,85.59,4.46,Medium
EMP06740,28,3,89.81,3,22,65,92.49,7.97,9.53,6.08,9.91,7.21,96.72,11.22,Medium
EMP06741,47,5,97.45,0,48,54,73.45,6.26,9.82,7.42,5.92,9.77,63.98,4.74,Low
EMP06742,54,3,90.94,8,33,28,92.84,8.81,5.12,7.24,9.49,8.68,86.23,9.04,Medium
EMP06743,58,6,89.62,5,32,45,62.05,7.48,5.06,9.71,8.34,6.66,79.91,8.62,Medium
EMP06744,36,13,98.49,5,38,20,60.29,5.21,6.05,5.56,9.73,6.36,64.84,2.45,Low
EMP06745,23,10,94.39,3,44,39,64.53,5.89,8.99,9.72,6.59,7.59,60.56,5.71,Low
EMP06746,28,19,82.23,1,29,53,94.96,9.08,5.45,7.86,6.21,6.91,64.55,7.32,Low
EMP06747,53,8,83.55,7,34,60,81.35,6.73,8.73,6.44,6.83,8.08,98.98,3.05,Medium
EMP06748,25,18,95.74,7,47,45,83.76,8.87,5.06,9.35,9.42,7.67,51.16,2.09,Medium
EMP06749,41,3,96.72,2,59,52,93.69,8.32,8.66,5.25,7.3,5.17,95.24,7.01,Medium
EMP06750,57,24,90.9,6,68,30,62.03,6.51,6.25,6.59,9.76,5.37,88.58,2.69,Medium
EMP06751,53,24,91.09,6,57,41,75.48,5.64,7.2,8.76,6.21,5.67,77.18,9.67,Low
EMP06752,49,17,92.64,4,26,44,85.72,9.03,9.88,9.14,6.1,8.25,92.91,10.41,Medium
EMP06753,34,8,88.78,4,33,18,76.19,8.22,7.76,5.84,8.39,9.89,52.6,2.03,Medium
EMP06754,22,10,93.6,7,78,53,61.29,6.5,5.37,9.71,6.46,7.26,77.21,8.73,Low
EMP06755,56,2,82.17,3,49,30,86.04,7.62,9.37,5.27,5.65,5.75,64.27,9.05,Low
EMP06756,51,12,99.23,0,59,50,75.66,8.06,6.62,7.17,6.88,8.05,50.49,1.73,Low
EMP06757,57,23,95.0,0,31,21,60.77,5.01,7.93,5.49,6.33,8.13,80.95,7.56,Low
EMP06758,46,6,92.62,8,47,35,66.82,8.35,8.56,5.49,7.06,8.78,82.89,7.84,Medium
EMP06759,37,2,86.33,3,69,16,68.7,8.28,8.89,9.57,5.93,8.55,79.54,6.63,Medium
EMP06760,40,21,83.22,0,33,69,80.42,5.41,7.16,9.52,9.78,8.44,69.52,8.59,Medium
EMP06761,22,23,88.19,1,20,22,67.45,8.94,8.87,8.08,9.01,8.62,90.21,3.72,Medium
EMP06762,26,24,93.23,9,23,56,74.45,9.13,5.58,9.83,9.2,9.1,67.16,3.87,Medium
EMP06763,43,3,92.67,6,68,41,90.03,6.45,7.63,7.46,6.49,9.48,80.2,11.16,Medium
EMP06764,45,17,87.65,1,37,16,92.31,5.81,5.11,8.91,9.28,5.02,99.8,8.47,Medium
EMP06765,58,29,92.27,0,70,20,91.82,8.43,7.03,5.49,7.95,8.33,92.29,5.37,Medium
EMP06766,57,7,96.27,9,55,18,87.8,5.62,6.82,6.98,5.28,9.71,82.21,8.39,Medium
EMP06767,57,29,80.53,8,51,35,81.67,9.29,9.89,7.58,5.77,8.79,83.71,9.23,Medium
EMP06768,25,21,89.01,4,47,15,82.03,7.4,6.99,8.89,7.23,5.41,92.05,4.32,Medium
EMP06769,57,5,95.17,3,47,52,98.14,9.55,9.54,6.67,6.97,8.68,58.79,6.72,Medium
EMP06770,39,23,90.92,3,57,74,95.11,8.21,7.18,9.9,8.98,6.26,55.51,2.26,Medium
EMP06771,37,1,93.03,0,51,26,85.99,6.43,7.67,8.67,9.37,5.92,61.04,7.61,Low
EMP06772,39,8,90.33,2,27,41,78.74,7.34,6.75,7.66,9.32,6.02,87.23,8.57,Medium
EMP06773,43,12,99.84,0,44,28,89.16,7.65,8.2,6.65,6.88,9.86,88.49,9.18,Medium
EMP06774,23,14,81.09,4,66,29,62.51,9.08,8.7,8.21,8.18,8.3,51.41,11.57,Low
EMP06775,42,16,89.82,4,39,38,97.78,9.31,8.96,8.37,7.49,9.89,53.0,2.83,Medium
EMP06776,57,10,81.83,8,52,32,81.9,8.42,8.47,8.4,9.44,9.24,99.08,1.76,High
EMP06777,50,15,83.2,7,49,31,80.11,6.47,6.65,7.93,9.44,9.62,74.61,11.37,Medium
EMP06778,47,21,87.66,4,56,23,71.63,7.64,6.65,7.0,5.27,7.77,76.8,8.13,Low
EMP06779,42,24,83.11,4,35,61,60.14,5.65,6.74,9.08,7.86,6.74,80.61,7.19,Low
EMP06780,38,26,99.27,6,72,32,62.45,6.15,5.19,6.29,7.52,8.69,98.22,5.66,Medium
EMP06781,37,15,98.94,1,44,70,70.52,6.52,9.72,8.13,8.85,5.09,57.98,5.85,Low
EMP06782,52,10,86.72,6,57,67,81.66,5.36,5.98,7.36,5.98,8.22,81.65,4.27,Low
EMP06783,30,21,92.79,0,72,32,63.34,9.42,5.8,9.46,8.47,9.78,53.79,7.87,Medium
EMP06784,52,28,90.68,4,61,19,98.88,5.61,7.76,7.95,8.69,9.23,75.67,1.17,Medium
EMP06785,35,7,96.31,5,29,62,76.44,8.48,5.24,9.28,5.13,5.95,72.01,6.99,Low
EMP06786,58,26,92.55,9,24,23,72.65,7.53,9.19,9.77,7.16,5.64,63.41,1.64,Low
EMP06787,23,3,80.01,0,27,68,81.01,9.16,9.38,5.64,9.89,9.13,72.03,8.96,Medium
EMP06788,35,2,95.26,8,78,49,62.6,8.71,6.99,7.78,6.5,5.27,84.91,11.58,Low
EMP06789,54,6,94.94,8,52,58,94.02,8.8,9.86,9.42,9.42,9.98,92.05,3.04,High
EMP06790,56,21,90.19,0,56,70,78.41,7.09,6.62,9.36,7.93,7.34,89.25,4.02,Medium
EMP06791,41,9,98.06,3,20,60,67.13,9.17,6.3,5.98,6.48,9.64,79.24,6.93,Medium
EMP06792,23,10,98.17,7,50,15,66.47,5.47,9.95,7.41,9.18,9.06,94.85,6.39,Medium
EMP06793,40,4,90.48,1,26,55,74.44,7.22,6.25,6.12,9.95,8.49,84.69,9.98,Medium
EMP06794,58,27,92.16,7,66,23,82.93,9.97,7.22,9.48,8.71,6.03,91.91,2.38,Medium
EMP06795,39,3,99.93,9,42,46,76.68,9.74,8.06,5.02,5.31,5.43,69.91,7.08,Low
EMP06796,37,9,85.98,8,77,34,83.87,5.41,6.61,6.09,5.26,8.28,84.92,11.14,Low
EMP06797,25,24,86.49,8,43,27,88.22,7.86,6.92,7.05,7.46,5.95,53.73,8.34,Low
EMP06798,33,22,83.66,0,33,54,89.94,6.58,8.6,6.11,5.03,9.14,97.86,3.96,Medium
EMP06799,50,17,97.92,8,42,25,76.04,8.64,8.62,9.87,8.38,5.34,81.47,1.69,Medium
EMP06800,28,14,94.89,3,78,60,88.68,8.68,9.02,6.22,5.08,7.62,92.84,5.61,Medium
EMP06801,35,10,82.11,7,28,62,65.66,5.0,7.97,6.81,9.87,7.11,74.27,6.14,Medium
EMP06802,33,13,99.64,8,27,57,80.52,9.23,6.17,5.87,9.4,9.62,51.54,2.46,Medium
EMP06803,56,12,94.62,2,27,65,62.9,6.12,6.67,9.63,9.08,9.49,74.6,6.28,Medium
EMP06804,26,27,97.01,5,22,68,69.76,9.83,9.5,7.06,9.06,8.6,86.29,8.44,Medium
EMP06805,38,1,80.96,2,77,56,83.33,9.53,8.67,6.31,9.17,8.78,53.27,6.23,Medium
EMP06806,53,28,90.1,0,51,40,89.62,5.95,5.44,6.23,7.17,8.53,55.02,3.49,Low
EMP06807,31,22,93.97,9,71,54,63.81,8.18,8.77,7.93,8.96,8.37,52.72,11.54,Low
EMP06808,38,29,90.86,5,23,25,68.28,6.48,6.65,9.89,6.84,9.98,55.99,2.26,Low
EMP06809,26,19,93.33,4,68,39,99.68,5.51,5.12,9.87,9.24,8.68,80.72,7.69,Medium
EMP06810,30,19,96.36,2,57,54,73.51,9.37,7.42,9.91,8.09,9.73,93.72,9.02,Medium
EMP06811,54,6,87.49,3,21,39,71.36,5.9,9.42,6.93,6.79,7.19,73.55,3.97,Low
EMP06812,57,13,96.97,1,28,34,63.41,7.1,7.22,9.57,8.73,9.99,90.44,5.17,Medium
EMP06813,57,19,83.26,9,65,56,87.79,9.62,9.94,7.22,6.21,8.07,69.93,5.8,Medium
EMP06814,39,13,85.42,9,20,63,80.33,5.38,5.89,7.55,9.82,9.52,92.76,8.12,Medium
EMP06815,30,27,80.87,3,68,69,66.3,7.75,6.75,7.6,8.32,5.45,57.88,6.64,Low
EMP06816,50,26,87.29,3,30,25,85.32,7.86,5.08,5.32,7.01,8.05,78.7,3.1,Medium
EMP06817,35,22,87.6,2,48,58,81.03,8.82,5.25,5.89,7.75,9.96,76.01,10.82,Medium
EMP06818,46,21,96.11,5,45,24,82.6,9.14,6.77,9.43,8.69,5.33,55.14,5.01,Low
EMP06819,36,4,93.06,0,46,66,99.79,7.12,7.64,9.48,8.99,9.74,61.91,5.21,Medium
EMP06820,27,24,88.73,8,57,63,61.14,8.72,6.19,6.01,9.87,5.73,74.23,9.8,Medium
EMP06821,50,2,93.04,9,48,17,96.6,9.55,5.83,6.51,6.04,9.98,88.59,6.89,Medium
EMP06822,36,15,81.06,2,52,53,93.68,9.43,7.1,9.15,7.52,6.44,95.24,3.55,Medium
EMP06823,50,12,83.61,2,47,41,76.61,7.51,5.85,6.02,5.46,8.97,86.78,11.06,Medium
EMP06824,25,27,92.54,2,50,49,95.24,8.04,8.15,9.4,5.41,5.14,64.65,9.86,Low
EMP06825,39,7,92.83,6,38,63,85.94,8.36,9.78,9.12,5.52,6.43,55.14,7.6,Low
EMP06826,37,20,95.48,7,67,69,95.57,9.1,9.03,9.04,6.3,8.02,76.26,6.63,Medium
EMP06827,32,18,88.06,1,45,54,83.79,7.54,6.08,9.46,8.48,6.14,67.22,8.43,Low
EMP06828,35,23,94.45,0,69,45,68.65,5.56,9.76,9.43,9.31,8.8,78.17,4.97,Medium
EMP06829,24,13,93.68,4,48,35,83.05,6.93,8.76,9.59,7.18,8.38,69.9,8.64,Medium
EMP06830,59,17,99.27,7,30,36,67.16,8.6,5.77,9.4,7.78,9.95,68.96,1.42,Medium
EMP06831,39,4,84.3,2,60,33,65.63,8.12,7.9,8.03,6.03,7.92,95.6,5.4,Medium
EMP06832,41,25,91.03,5,51,28,86.16,8.77,9.83,5.79,8.96,8.84,83.38,7.79,Medium
EMP06833,46,14,92.04,2,40,51,97.9,7.5,5.48,8.05,9.44,5.37,83.49,7.84,Medium
EMP06834,59,20,99.97,5,57,65,83.54,5.87,6.36,9.71,7.43,5.21,56.69,1.79,Low
EMP06835,34,28,84.02,3,53,59,91.83,5.58,6.87,9.84,5.8,7.91,69.48,8.92,Low
EMP06836,25,13,90.46,6,59,64,66.73,7.41,5.58,8.64,5.03,9.93,88.14,1.93,Medium
EMP06837,35,3,86.92,9,41,37,86.17,6.03,6.5,8.47,7.68,6.34,78.35,9.15,Low
EMP06838,54,26,90.52,0,67,40,89.32,9.91,8.46,9.69,7.49,5.01,73.02,11.03,Medium
EMP06839,49,26,84.64,0,46,57,61.66,5.99,7.39,6.46,9.63,6.7,98.64,11.73,Medium
EMP06840,58,18,80.95,4,79,69,63.89,7.83,7.11,5.75,5.18,8.7,56.82,7.64,Low
EMP06841,29,14,91.45,8,27,58,91.26,5.01,7.16,6.45,5.74,9.01,58.04,8.85,Low
EMP06842,55,15,86.72,4,59,54,77.6,6.27,8.8,9.74,5.99,8.91,78.16,3.57,Medium
EMP06843,26,3,83.64,3,65,26,76.22,6.3,9.96,6.06,7.74,5.4,70.26,5.12,Low
EMP06844,26,1,86.48,7,50,15,96.81,8.69,7.94,6.12,6.42,8.85,74.03,1.13,Medium
EMP06845,52,26,80.99,4,20,64,99.68,7.48,8.76,5.96,6.03,5.41,77.39,9.78,Low
EMP06846,30,24,99.01,0,58,48,90.58,5.06,6.86,7.42,7.57,9.94,56.37,8.59,Medium
EMP06847,53,17,91.62,6,53,58,91.7,6.9,9.3,8.98,5.2,6.85,63.51,3.84,Low
EMP06848,54,3,96.3,3,66,33,68.33,8.22,7.1,6.91,9.88,8.47,76.86,6.39,Medium
EMP06849,24,14,88.46,9,78,37,67.69,8.18,9.68,5.5,9.31,7.42,59.68,9.01,Low
EMP06850,51,3,98.07,4,43,21,99.23,5.27,8.72,8.7,6.36,6.2,91.98,8.33,Medium
EMP06851,33,13,89.67,5,47,21,87.8,9.64,8.54,8.05,6.68,8.05,89.17,4.53,Medium
EMP06852,50,15,91.48,6,69,15,87.47,6.23,6.45,7.4,6.23,5.08,78.41,5.07,Low
EMP06853,24,18,89.84,1,23,32,71.45,9.46,8.98,9.82,9.64,7.53,74.75,2.7,Medium
EMP06854,47,14,94.67,0,37,22,95.46,6.07,5.53,7.35,8.27,5.2,96.48,2.51,Medium
EMP06855,51,21,91.33,2,48,39,61.78,7.84,7.69,8.66,7.61,7.84,87.62,5.45,Medium
EMP06856,30,26,85.43,9,42,56,70.98,7.03,8.68,5.79,7.54,7.29,51.91,6.28,Low
EMP06857,47,3,82.91,0,56,43,67.21,7.91,9.42,7.08,5.83,9.47,61.17,11.46,Low
EMP06858,23,19,92.12,3,46,37,88.44,7.49,7.85,6.06,9.81,9.83,53.65,6.56,Medium
EMP06859,24,8,89.78,5,35,43,88.61,5.01,6.29,6.74,9.57,8.26,99.73,3.09,Medium
EMP06860,25,4,81.92,4,64,15,81.39,6.76,9.24,7.4,9.76,5.93,71.11,2.86,Medium
EMP06861,46,4,87.91,3,46,29,60.21,5.06,8.84,5.87,6.45,7.62,56.71,4.8,Low
EMP06862,34,19,90.3,6,28,29,94.95,8.42,5.77,9.02,7.38,5.01,67.91,11.11,Low
EMP06863,56,11,96.54,5,24,42,98.22,9.27,9.36,6.88,7.59,8.84,99.0,9.73,Medium
EMP06864,44,1,81.52,2,78,50,68.09,6.92,9.8,9.48,7.45,5.21,57.15,6.43,Low
EMP06865,30,8,86.97,8,27,56,93.69,7.62,7.69,8.37,5.1,9.04,67.85,11.51,Low
EMP06866,23,15,96.45,4,37,54,98.93,5.33,5.19,5.88,9.17,6.32,63.79,3.37,Medium
EMP06867,52,1,92.97,9,54,46,73.08,6.93,9.58,8.21,8.73,6.25,89.51,5.78,Medium
EMP06868,23,7,85.8,0,25,60,67.4,5.69,5.61,5.12,7.37,5.45,51.28,1.01,Low
EMP06869,53,21,96.91,5,62,27,99.1,5.32,8.17,9.04,6.34,8.43,97.34,10.53,Medium
EMP06870,39,20,89.87,4,42,35,62.39,5.86,7.0,9.87,8.17,6.83,93.43,2.74,Medium
EMP06871,34,20,89.97,9,65,63,71.04,9.35,9.96,8.39,5.69,5.45,68.22,11.53,Low
EMP06872,26,24,99.53,7,45,53,89.68,9.91,9.59,9.63,9.99,6.61,95.06,6.58,High
EMP06873,31,11,98.94,3,75,52,84.69,9.4,8.92,6.47,5.63,9.61,71.29,11.93,Medium
EMP06874,46,27,87.17,0,70,23,87.38,9.85,6.0,7.12,5.29,5.17,64.6,6.95,Low
EMP06875,55,29,82.81,1,58,34,88.32,8.65,8.5,7.12,8.06,8.35,70.35,6.01,Medium
EMP06876,58,14,86.51,7,43,34,87.45,5.8,7.86,5.56,7.32,7.51,91.25,6.19,Medium
EMP06877,51,22,80.61,9,29,22,73.69,7.82,5.68,8.98,8.6,7.99,78.06,10.19,Medium
EMP06878,28,16,80.42,7,34,28,72.46,8.66,8.97,7.48,5.64,6.96,60.86,4.99,Low
EMP06879,27,14,87.91,4,57,34,77.14,7.57,5.43,7.45,6.82,7.41,53.48,10.39,Low
EMP06880,24,12,98.82,5,39,49,92.31,7.77,7.41,8.34,7.51,8.8,80.33,10.75,Medium
EMP06881,34,17,97.43,1,48,69,97.53,7.93,7.13,5.85,7.23,7.42,90.92,4.18,Medium
EMP06882,24,14,90.23,8,25,59,78.21,7.33,9.03,9.05,7.92,6.88,92.78,11.2,Medium
EMP06883,47,10,91.3,5,67,35,63.43,6.45,7.14,6.83,5.51,6.38,91.15,3.1,Low
EMP06884,45,24,80.12,8,28,55,97.53,8.19,8.47,5.4,7.52,7.25,75.67,10.09,Medium
EMP06885,27,29,84.31,9,70,67,63.22,5.27,7.39,5.95,7.77,7.88,68.89,2.86,Low
EMP06886,33,14,80.5,2,69,55,66.36,5.85,7.91,6.26,9.41,6.87,98.77,8.89,Medium
EMP06887,57,18,95.09,5,24,68,94.71,9.63,6.21,5.89,7.86,9.5,96.12,11.73,Medium
EMP06888,23,22,82.91,9,67,36,82.06,7.44,6.01,6.21,7.74,9.98,87.6,1.84,Medium
EMP06889,32,9,97.38,4,58,57,74.11,9.11,8.55,9.98,9.06,6.02,71.5,3.16,Medium
EMP06890,55,17,92.87,8,38,20,97.24,8.63,5.61,7.69,5.32,8.22,98.67,4.88,Medium
EMP06891,47,6,84.59,9,24,69,98.42,6.6,5.88,8.01,8.24,6.03,68.7,4.96,Medium
EMP06892,39,8,83.15,0,39,58,73.23,9.02,9.7,5.83,9.06,7.71,84.22,3.0,Medium
EMP06893,42,26,92.55,8,30,41,94.74,5.46,6.27,5.22,5.47,6.97,64.72,6.47,Low
EMP06894,57,13,98.02,4,74,18,87.14,9.37,6.62,6.55,9.06,6.23,91.78,9.7,Medium
EMP06895,43,18,94.37,0,69,18,70.98,8.4,8.17,8.85,8.94,6.71,93.01,9.83,Medium
EMP06896,51,5,86.97,9,79,71,97.66,9.64,7.2,7.79,5.0,5.62,75.46,6.13,Low
EMP06897,51,6,91.75,7,46,42,62.52,9.48,7.8,5.05,6.23,5.4,78.11,4.45,Low
EMP06898,29,21,86.22,6,48,69,72.72,6.9,5.72,8.94,5.76,7.25,97.43,3.66,Medium
EMP06899,55,19,99.98,5,26,41,75.85,9.28,8.36,5.52,7.56,9.08,57.11,8.87,Medium
EMP06900,30,4,94.98,1,79,72,87.63,7.82,5.78,7.2,9.57,8.41,73.57,1.94,Medium
EMP06901,41,7,92.29,4,69,68,61.54,5.79,8.74,10.0,8.01,7.98,76.42,7.0,Low
EMP06902,46,4,88.47,2,22,31,95.59,9.15,7.62,5.61,8.01,7.1,90.82,6.96,Medium
EMP06903,40,25,92.36,1,24,53,86.36,9.54,9.08,9.08,5.61,7.34,88.89,2.24,Medium
EMP06904,26,11,86.83,9,74,52,71.0,5.42,5.86,9.0,8.33,5.11,80.1,6.18,Low
EMP06905,32,12,80.58,0,32,74,86.33,9.65,6.89,7.23,9.44,9.7,57.78,3.75,Medium
EMP06906,36,14,87.9,8,35,66,81.48,8.01,9.23,9.94,7.15,6.55,70.31,2.83,Medium
EMP06907,29,13,98.61,1,73,43,73.45,5.13,8.99,6.54,8.41,9.57,54.56,1.9,Medium
EMP06908,40,29,92.53,0,31,54,61.14,7.71,9.83,6.58,6.47,8.58,57.52,3.13,Low
EMP06909,44,10,81.68,6,58,21,82.04,8.98,6.11,5.76,6.34,7.81,61.33,8.09,Low
EMP06910,48,18,97.7,8,46,22,63.29,7.67,7.7,6.85,5.93,7.23,66.68,9.02,Low
EMP06911,53,16,85.38,5,73,55,92.41,8.54,5.09,6.48,6.21,6.61,72.01,3.51,Medium
EMP06912,47,5,84.88,7,64,47,63.54,9.4,9.83,8.02,6.71,8.19,86.03,7.31,Medium
EMP06913,48,8,85.94,6,79,46,77.15,9.35,5.88,5.2,7.83,9.85,51.16,5.09,Medium
EMP06914,40,14,91.54,8,52,49,77.38,5.89,9.52,6.55,8.9,9.02,93.6,6.96,Medium
EMP06915,50,5,90.89,6,34,32,82.25,7.14,8.39,5.02,6.45,6.96,99.6,3.71,Medium
EMP06916,54,26,89.83,5,40,65,61.58,5.56,9.68,5.03,5.84,7.41,98.21,1.51,Medium
EMP06917,40,28,94.35,0,63,73,68.15,7.98,6.24,9.1,7.25,7.34,71.25,4.6,Low
EMP06918,58,24,86.33,8,36,57,67.98,9.77,6.73,8.75,8.95,6.3,69.97,2.77,Medium
EMP06919,40,8,95.64,9,74,30,83.96,5.91,5.82,8.72,6.95,9.24,76.12,9.08,Medium
EMP06920,54,25,83.51,4,71,32,70.55,7.02,7.11,6.77,9.57,8.46,83.23,9.03,Medium
EMP06921,37,26,95.65,1,56,73,65.77,9.77,9.74,8.5,6.24,7.99,63.88,1.8,Low
EMP06922,44,6,93.28,7,68,52,60.73,8.75,7.86,6.28,8.79,7.17,82.75,5.36,Medium
EMP06923,28,16,93.66,3,75,39,93.62,5.36,7.08,6.55,7.34,6.2,65.46,2.02,Low
EMP06924,47,28,89.63,2,34,48,98.86,7.14,6.62,7.81,5.54,8.2,83.03,8.86,Medium
EMP06925,53,4,93.34,0,39,18,88.13,9.94,7.92,8.5,6.41,6.18,82.63,1.2,Medium
EMP06926,33,12,81.6,4,38,19,76.51,7.27,8.62,6.33,9.29,5.04,50.04,5.82,Low
EMP06927,29,11,97.03,2,20,67,64.88,8.15,7.03,8.4,5.03,5.33,93.56,2.68,Low
EMP06928,26,3,81.11,3,23,28,79.0,8.5,6.15,9.81,8.78,8.47,59.63,8.31,Medium
EMP06929,49,12,82.97,8,22,15,78.29,8.32,7.93,7.47,9.06,6.89,99.64,3.35,Medium
EMP06930,26,5,91.54,6,27,36,76.8,7.59,6.83,7.04,5.6,6.03,77.5,5.47,Low
EMP06931,47,6,94.79,4,60,60,75.13,5.66,9.97,6.16,9.81,6.19,69.33,1.06,Medium
EMP06932,26,19,81.53,7,63,35,79.87,8.54,7.21,6.78,9.36,7.47,54.59,11.88,Low
EMP06933,43,18,98.42,5,24,27,62.93,9.67,7.17,7.64,5.89,9.53,84.05,9.3,Medium
EMP06934,36,16,99.47,9,28,68,61.53,9.71,9.2,9.72,6.21,6.34,67.99,2.81,Low
EMP06935,34,23,92.12,1,20,62,62.56,7.97,6.26,6.3,9.09,8.28,98.15,5.88,Medium
EMP06936,49,11,89.62,6,74,50,68.0,7.46,5.33,6.16,7.73,9.13,92.86,6.48,Medium
EMP06937,54,5,94.83,0,62,43,71.12,6.67,9.27,9.8,9.61,7.44,56.22,3.49,Medium
EMP06938,44,9,86.57,2,49,73,66.78,5.52,7.95,8.03,9.9,5.14,72.88,1.93,Low
EMP06939,54,3,89.87,0,26,52,70.08,9.42,6.3,8.68,6.72,8.98,72.21,7.26,Medium
EMP06940,39,8,98.32,0,41,23,67.43,5.69,6.71,9.15,5.48,9.4,85.44,10.19,Low
EMP06941,51,6,99.11,4,39,47,66.03,6.44,7.13,5.41,8.52,5.16,63.65,7.29,Low
EMP06942,47,4,98.54,5,48,36,71.72,8.7,8.4,7.42,9.62,5.58,91.81,7.94,Medium
EMP06943,37,12,85.25,2,46,31,75.9,8.52,7.34,5.7,5.82,5.44,97.07,7.5,Medium
EMP06944,34,12,84.65,2,44,74,89.77,8.41,6.98,8.12,9.93,6.11,77.62,6.02,Medium
EMP06945,54,25,85.95,2,65,37,98.22,8.71,8.9,9.77,5.98,7.48,96.36,2.62,Medium
EMP06946,47,21,88.83,0,54,50,96.76,7.71,5.36,5.28,5.43,5.17,66.27,3.23,Low
EMP06947,22,16,86.28,4,46,20,79.04,5.77,8.26,6.37,7.48,5.85,65.87,4.61,Low
EMP06948,59,10,87.48,0,30,62,78.45,9.99,7.24,10.0,9.03,7.04,86.17,4.24,Medium
EMP06949,23,22,92.41,9,36,53,65.03,9.46,6.67,5.03,6.77,8.17,72.22,6.74,Medium
EMP06950,27,14,95.25,9,50,43,98.87,7.16,9.64,5.7,6.66,9.55,63.81,5.63,Medium
EMP06951,59,13,94.71,2,37,41,90.4,7.65,8.89,5.4,5.99,9.15,65.48,8.01,Medium
EMP06952,45,9,96.29,5,38,19,93.9,6.97,6.1,8.82,9.93,5.27,91.62,10.24,Medium
EMP06953,39,7,80.64,5,69,23,69.37,8.19,8.26,8.75,6.71,9.83,82.35,1.54,Medium
EMP06954,48,12,80.95,2,57,38,76.04,8.66,9.11,8.89,8.33,6.34,89.57,6.09,Medium
EMP06955,29,5,95.79,8,48,33,64.11,6.16,9.95,8.87,5.66,6.82,70.64,3.37,Low
EMP06956,49,18,90.66,7,34,47,97.63,7.16,8.49,9.18,7.25,5.37,96.94,11.01,Medium
EMP06957,31,4,91.56,2,26,73,71.43,8.2,8.45,8.86,8.98,9.68,94.54,6.99,Medium
EMP06958,38,2,81.05,4,56,44,83.84,9.94,8.07,7.42,9.85,7.73,51.79,10.73,Medium
EMP06959,50,3,85.11,4,56,72,66.09,6.62,5.2,8.73,5.89,7.58,68.25,8.37,Low
EMP06960,27,26,92.77,4,26,54,92.11,8.73,7.93,7.99,5.47,5.08,53.7,2.49,Low
EMP06961,35,12,97.18,2,41,66,67.45,6.73,9.03,6.83,9.94,5.02,61.89,10.31,Low
EMP06962,43,3,98.34,4,31,69,92.38,5.46,6.98,9.18,7.77,8.41,96.28,4.49,Medium
EMP06963,27,4,90.01,4,27,18,76.07,8.85,7.93,8.94,6.73,7.41,94.8,9.18,Medium
EMP06964,47,6,90.91,3,76,69,83.11,8.25,9.63,5.87,9.8,7.54,52.8,6.59,Medium
EMP06965,33,12,96.66,3,37,46,70.79,7.57,5.86,5.12,6.95,8.25,51.79,9.03,Low
EMP06966,56,19,90.75,1,47,63,95.31,8.38,6.4,6.58,6.16,5.73,82.29,6.8,Medium
EMP06967,35,10,90.34,8,37,15,90.39,9.4,5.55,7.02,9.02,9.99,61.79,11.21,Medium
EMP06968,43,1,98.1,6,50,48,74.17,8.78,7.5,5.87,6.57,5.4,50.11,6.61,Low
EMP06969,44,17,95.8,0,36,35,83.41,9.29,9.2,9.28,6.61,6.34,91.65,1.67,Medium
EMP06970,28,16,98.18,4,42,45,65.16,6.45,7.18,5.17,7.22,8.47,69.21,5.97,Low
EMP06971,46,9,84.36,1,30,73,66.42,9.0,5.35,7.42,8.46,7.58,70.86,11.64,Medium
EMP06972,34,25,90.49,9,34,28,81.35,6.8,6.32,5.28,9.21,5.48,55.46,9.69,Low
EMP06973,42,21,96.85,5,49,40,85.62,5.1,9.45,7.68,6.13,8.87,73.76,7.95,Low
EMP06974,31,9,82.22,6,71,36,82.3,5.22,7.79,7.32,6.81,9.85,88.81,2.66,Medium
EMP06975,30,27,95.89,1,50,48,82.38,8.65,9.57,8.9,7.48,7.37,64.98,3.01,Medium
EMP06976,36,23,83.66,5,76,47,89.69,6.36,9.17,8.45,5.13,6.27,91.39,8.95,Low
EMP06977,23,9,96.16,2,25,71,96.1,6.54,7.07,9.22,8.49,5.53,82.51,9.04,Medium
EMP06978,46,12,92.24,8,31,27,75.5,8.11,8.17,7.72,7.83,6.03,70.76,5.11,Low
EMP06979,34,23,83.86,3,42,46,81.48,8.71,8.32,9.11,5.67,6.56,75.23,11.94,Low
EMP06980,55,9,89.47,2,58,69,95.72,7.79,8.73,8.6,5.65,5.94,55.59,8.61,Low
EMP06981,55,15,93.64,2,59,22,78.57,8.53,6.66,8.9,9.48,8.42,94.69,10.84,Medium
EMP06982,56,2,92.68,1,55,36,77.81,9.71,6.44,8.0,8.42,5.11,94.69,1.51,Medium
EMP06983,59,11,88.54,8,54,55,90.66,9.27,8.42,8.6,6.94,7.05,69.12,7.86,Medium
EMP06984,24,11,97.99,7,22,70,95.09,6.2,9.09,7.01,6.69,6.87,82.95,9.24,Medium
EMP06985,27,8,90.39,4,61,34,89.51,9.53,7.07,5.42,6.58,9.39,88.23,9.77,Medium
EMP06986,40,23,90.12,8,75,35,64.0,6.49,6.61,7.08,8.27,6.36,91.29,8.4,Medium
EMP06987,24,6,81.25,1,47,48,78.59,8.3,9.13,5.87,5.89,7.91,86.23,7.67,Medium
EMP06988,39,21,98.44,5,34,63,68.48,9.37,8.43,8.15,9.94,5.02,75.06,9.21,Medium
EMP06989,30,20,83.54,6,32,44,72.69,8.12,6.72,6.32,8.44,9.58,84.89,1.42,Medium
EMP06990,33,7,90.57,5,38,20,78.75,9.03,7.65,9.79,5.64,8.18,97.37,9.26,Medium
EMP06991,26,3,96.07,2,59,49,68.86,9.64,9.8,6.36,5.69,8.97,73.57,4.63,Medium
EMP06992,24,8,84.31,9,37,41,80.64,9.83,8.75,5.49,8.24,7.85,54.09,9.37,Low
EMP06993,32,18,90.55,9,50,34,85.73,7.05,6.11,9.4,6.92,9.08,90.43,9.55,Medium
EMP06994,51,17,84.81,9,56,63,95.0,9.96,6.48,7.07,8.3,5.42,86.06,4.04,Medium
EMP06995,25,11,95.19,8,40,52,68.46,6.36,6.33,6.78,8.61,8.55,64.85,8.87,Medium
EMP06996,26,2,91.29,7,58,54,72.42,7.31,9.24,9.43,7.69,5.74,79.41,4.62,Low
EMP06997,22,25,97.12,7,24,28,76.23,8.8,8.21,8.27,6.28,7.88,53.64,8.97,Low
EMP06998,48,21,97.89,7,76,24,68.98,9.85,9.7,7.66,7.76,9.93,73.95,3.09,Medium
EMP06999,49,27,92.97,8,70,66,73.28,5.26,5.45,6.64,7.11,5.9,69.95,1.85,Low
EMP07000,50,24,94.51,0,76,56,95.33,9.73,5.26,6.46,9.45,6.28,62.54,7.47,Medium
